 N  ;       identifier        ;  coord1 (ICRS,J2000/2000)   ; coord2 (ICRS,J2000/2000)  ;Mag V 
1   ;* 15 Eri                 ;03 18 22.10504 -22 30 40.0191;049.59210433 -22.51111641  ; 4.875
2   ;* ksi Leo                ;09 31 56.73886 +11 17 59.3933;142.98641194 +11.29983148  ; 4.973
3   ;* kap Aql                ;19 36 53.44952 -07 01 38.9176;294.22270632 -07.02747710  ; 4.960
4   ;* 145 CMa                ;07 16 36.83423 -23 18 56.1398;109.15347596 -23.31559438  ; 4.79 
5   ;* 30 Oph                 ;17 01 03.60266 -04 13 21.5183;255.26501106 -04.22264398  ; 4.827
6   ;* 16 Pup                 ;08 09 01.63741 -19 14 42.0521;122.25682254 -19.24501446  ; 4.390
7   ;* 32 Eri                 ;03 54 17.50180 -02 57 17.0435;058.57292417 -02.95473430  ; 4.45 
8   ;* 17 Crt                 ;11 32 16.40407 -29 15 39.6768;173.06835030 -29.26102134  ; 4.99 
9   ;* gam02 Ari              ;01 53 31.768 +19 17 38.68    ;028.382367 +19.294078      ; 4.52 
10  ;HR 2881                  ;07 30 42.60231 -30 57 44.2137;112.67750963 -30.96228158  ; 4.65 
11  ;* phi Cyg                ;19 39 22.60591 +30 09 11.9604;294.84419128 +30.15332234  ; 4.685
12  ;* 39 Cyg                 ;20 23 51.62070 +32 11 24.6191;305.96508624 +32.19017197  ; 4.44 
13  ;ADS 8801 AB              ;13 09 56.9 -05 32 13         ;197.4871 -05.5369          ; 4.4  
14  ;* ksi Vir                ;11 45 17.04027 +08 15 29.2150;176.32100113 +08.25811528  ; 4.845
15  ;* 28 Mon                 ;08 01 13.33574 -01 23 33.3935;120.30556558 -01.39260930  ; 4.692
16  ;* tau Gem                ;07 11 08.37042 +30 14 42.5831;107.78487675 +30.24516198  ; 4.42 
17  ;* del Pyx                ;08 55 31.56948 -27 40 54.7315;133.88153951 -27.68186985  ; 4.89 
18  ;* pi. Eri                ;03 46 08.53581 -12 06 05.7282;056.53556587 -12.10159117  ; 4.42 
19  ;* ksi Pup                ;07 49 17.65567 -24 51 35.2305;117.32356528 -24.85978624  ; 3.30 
20  ;* n Tau                  ;05 19 16.60169 +22 05 47.3740;079.81917373 +22.09649278  ; 4.956
21  ;* del Psc                ;00 48 40.94433 +07 35 06.2926;012.17060139 +07.58508127  ; 4.44 
22  ;* gam Del                ;20 46 39.2 +16 07 27         ;311.6633 +16.1242          ; 3.91 
23  ;* lam Ori                ;05 35 08.27761 +09 56 02.9611;083.78449002 +09.93415587  ; 3.66 
24  ;* gam Pyx                ;08 50 31.92282 -27 42 35.4421;132.63301176 -27.70984503  ; 4.01 
25  ;* iot Oph                ;16 54 00.47151 +10 09 55.2982;253.50196463 +10.16536062  ; 4.38 
26  ;* del03 Tau              ;04 25 29.38340 +17 55 40.4579;066.37243082 +17.92790497  ; 4.311
27  ;* iot Ori                ;05 35 25.98191 -05 54 35.6435;083.85825795 -05.90990098  ; 2.77 
28  ;V* AW CVn                ;13 51 47.47534 +34 26 39.2613;207.94781393 +34.44423924  ; 4.74 
29  ;* omi Leo                ;09 41 09.03305 +09 53 32.3102;145.28763770 +09.89230838  ; 3.52 
30  ;* 21 Sgr                 ;18 25 21.04075 -20 32 30.0385;276.33766980 -20.54167736  ; 4.87 
31  ;* omi Boo                ;14 45 14.46026 +16 57 51.4078;221.31025110 +16.96427994  ; 4.60 
32  ;* nu.02 CMa              ;06 36 41.03758 -19 15 21.1659;099.17098990 -19.25587942  ; 3.91 
33  ;* bet Ori                ;05 14 32.27210 -08 12 05.8981;078.63446707 -08.20163836  ; 0.13 
34  ;* 2 Sco                  ;15 53 36.71880 -25 19 37.7087;238.40299500 -25.32714131  ; 4.59 
35  ;* del Cap                ;21 47 02.44424 -16 07 38.2335;326.76018434 -16.12728709  ; 2.83 
36  ;* eps Del                ;20 33 12.77192 +11 18 11.7412;308.30321633 +11.30326144  ; 4.03 
37  ;* sig Leo                ;11 21 08.19349 +06 01 45.5710;170.28413955 +06.02932527  ; 4.044
38  ;HR 1621                  ;05 01 25.58052 -20 03 06.9147;075.35658551 -20.05192075  ; 4.894
39  ;* 31 Ori                 ;05 29 43.98212 -01 05 32.0590;082.43325883 -01.09223861  ; 4.71 
40  ;BD+23 1170A              ;06 04 07.22 +23 15 49.1      ;091.03008 +23.26364        ; 4.2  
41  ;* g Aqr                  ;22 43 35.23307 -18 49 49.3557;340.89680445 -18.83037658  ; 4.69 
42  ;* 37 LMi                 ;10 38 43.21269 +31 58 34.4607;159.68005287 +31.97623907  ; 4.689
43  ;* l Eri A                ;04 38 10.825 -14 18 14.34    ;069.545104 -14.303983      ; 3.89 
44  ;* ksi Boo A              ;14 51 23.286 +19 06 02.25    ;222.847025 +19.100625      ; 4.675
45  ;* bet Gem                ;07 45 18.94987 +28 01 34.3160;116.32895777 +28.02619889  ; 1.14 
46  ;* pi. Tau                ;04 26 36.37093 +14 42 49.6126;066.65154553 +14.71378127  ; 4.69 
47  ;* 111 Tau                ;05 24 25.46380 +17 23 00.7166;081.10609915 +17.38353240  ; 5.00 
48  ;M 7                      ;17 53 51.0 -34 47 36         ;268.4625 -34.7933          ; 3.3  
49  ;V* R Hya                 ;13 29 42.78187 -23 16 52.7747;202.42825778 -23.28132630  ; 4.97 
50  ;* d Boo                  ;14 10 23.93342 +25 05 30.0394;212.59972259 +25.09167762  ; 4.83 
51  ;* bet Leo                ;11 49 03.57834 +14 34 19.4090;177.26490976 +14.57205806  ; 2.13 
52  ;* ksi Aqr                ;21 37 45.10931 -07 51 15.1299;324.43795545 -07.85420276  ; 4.69 
53  ;* del Oph                ;16 14 20.73853 -03 41 39.5612;243.58641053 -03.69432256  ; 2.75 
54  ;HR 1427                  ;04 30 33.63261 +16 11 38.4448;067.64013586 +16.19401244  ; 4.773
55  ;* bet Mon                ;06 28 49.06971 -07 01 59.0101;097.20445711 -07.03305837  ; 3.74 
56  ;* alf Com                ;13 09 59.28520 +17 31 46.0389;197.49702169 +17.52945526  ; 4.32 
57  ;* alf PsA                ;22 57 39.04625 -29 37 20.0533;344.41269272 -29.62223703  ; 1.16 
58  ;* gam Sct                ;18 29 11.85388 -14 33 56.9319;277.29939118 -14.56581441  ; 4.686
59  ;* eps Tau                ;04 28 36.99882 +19 10 49.5446;067.15416174 +19.18042906  ; 3.53 
60  ;* 30 Gem                 ;06 43 59.29265 +13 13 40.8710;100.99705272 +13.22801972  ; 4.49 
61  ;* alf And                ;00 08 23.25988 +29 05 25.5520;002.09691619 +29.09043112  ; 2.06 
62  ;* gam Her A              ;16 21 55.242 +19 09 10.88    ;245.480175 +19.153022      ; 3.726
63  ;HR 6196                  ;16 41 34.38333 -17 44 31.7985;250.39326390 -17.74216624  ; 4.930
64  ;* 20 Tau                 ;03 45 49.60656 +24 22 03.8864;056.45669401 +24.36774621  ; 3.87 
65  ;* tau Peg                ;23 20 38.24188 +23 44 25.2098;350.15934117 +23.74033605  ; 4.592
66  ;* sig Ser                ;16 22 04.34753 +01 01 44.5534;245.51811472 +01.02904261  ; 4.820
67  ;* iot CMa                ;06 56 08.22413 -17 03 15.2675;104.03426719 -17.05424097  ; 4.385
68  ;* alf Lep                ;05 32 43.81612 -17 49 20.2414;083.18256716 -17.82228927  ; 2.57 
69  ;* zet Sct                ;18 23 39.58309 -08 56 03.7885;275.91492955 -08.93438570  ; 4.673
70  ;* zet Pyx                ;08 39 42.47410 -29 33 39.8989;129.92697543 -29.56108303  ; 4.886
71  ;* eps Ori                ;05 36 12.81335 -01 12 06.9089;084.05338894 -01.20191914  ; 1.69 
72  ;* alf Cnc                ;08 58 29.22272 +11 51 27.7212;134.62176132 +11.85770033  ; 4.259
73  ;* 12 Com                 ;12 22 30.31177 +25 50 46.1855;185.62629903 +25.84616263  ; 4.81 
74  ;* alf CMa                ;06 45 08.91728 -16 42 58.0171;101.28715533 -16.71611586  ;-1.46 
75  ;* eps Crv                ;12 10 07.48058 -22 37 11.1620;182.53116909 -22.61976722  ; 2.98 
76  ;* omi Per A              ;03 44 19.133 +32 17 17.67    ;056.079721 +32.288242      ; 3.91 
77  ;* zet Aqr B              ;22 28 49.759 -00 01 13.96    ;337.207329 -00.020544      ; 4.49 
78  ;* ksi02 Cet              ;02 28 09.54266 +08 27 36.2007;037.03976108 +08.46005575  ; 4.30 
79  ;* 37 Com                 ;13 00 16.47021 +30 47 06.0712;195.06862589 +30.78501976  ; 4.88 
80  ;* zet Cnc                ;08 12 12.71 +17 38 53.3      ;123.05296 +17.64814        ; 4.67 
81  ;* del02 Tau              ;04 24 05.75985 +17 26 38.8583;066.02399939 +17.44412732  ; 4.80 
82  ;* bet Tau                ;05 26 17.51312 +28 36 26.8262;081.57297133 +28.60745172  ; 1.65 
83  ;* omi02 Eri              ;04 15 16.31963 -07 39 10.3404;063.81799845 -07.65287232  ; 4.43 
84  ;* nu. Cet                ;02 35 52.47339 +05 35 35.6898;038.96863913 +05.59324718  ; 4.880
85  ;SN 2009jb                ;17 23 41.71 +30 29 50.6      ;260.92379 +30.49739        ; 1.07 
86  ;* 2 Peg                  ;21 29 56.89545 +23 38 19.8170;322.48706438 +23.63883806  ; 4.536
87  ;* nu. Oph                ;17 59 01.59191 -09 46 25.0798;269.75663297 -09.77363329  ; 3.34 
88  ;* omi Sgr                ;19 04 40.98177 -21 44 29.3845;286.17075738 -21.74149570  ; 3.77 
89  ;* bet Sge                ;19 41 02.93907 +17 28 33.7528;295.26224613 +17.47604244  ; 4.38 
90  ;* 14 Com                 ;12 26 24.06444 +27 16 05.6554;186.60026849 +27.26823762  ; 4.95 
91  ;HD 20468                 ;03 18 43.82583 +34 13 21.5473;049.68260764 +34.22265204  ; 4.82 
92  ;* 40 Leo                 ;10 19 44.16688 +19 28 15.2943;154.93402865 +19.47091509  ; 4.80 
93  ;* 3 Cen A                ;13 51 49.577 -32 59 38.65    ;207.956571 -32.994069      ; 4.520
94  ;* del Del                ;20 43 27.53338 +15 04 28.4773;310.86472243 +15.07457702  ; 4.434
95  ;* ups Leo                ;11 36 56.931 -00 49 25.49    ;174.237212 -00.823747      ; 4.30 
96  ;* chi Aur                ;05 32 43.67312 +32 11 31.2753;083.18197132 +32.19202092  ; 4.79 
97  ;* kap Pyx                ;09 08 02.88045 -25 51 30.7303;137.01200186 -25.85853619  ; 4.56 
98  ;* del Vir                ;12 55 36.20861 +03 23 50.8932;193.90086919 +03.39747034  ; 3.38 
99  ;* alf Tau                ;04 35 55.23907 +16 30 33.4885;068.98016279 +16.50930235  ; 0.86 
100 ;* tau Sgr                ;19 06 56.40897 -27 40 13.5189;286.73503735 -27.67042191  ; 3.31 
101 ;* lam Lyr                ;19 00 00.82568 +32 08 43.8527;285.00344031 +32.14551465  ; 4.951
102 ;* zet Cyg                ;21 12 56.18594 +30 13 36.8957;318.23410806 +30.22691546  ; 3.21 
103 ;* mu. Aql                ;19 34 05.35353 +07 22 44.1796;293.52230639 +07.37893877  ; 4.45 
104 ;* 19 Mon                 ;07 02 54.77667 -04 14 21.2377;105.72823613 -04.23923269  ; 5.00 
105 ;* zet Tau                ;05 37 38.68542 +21 08 33.1588;084.41118926 +21.14254411  ; 3.03 
106 ;* 89 Vir                 ;13 49 52.28332 -18 08 03.0046;207.46784715 -18.13416794  ; 4.970
107 ;V* FH Ser                ;18 30 47.04 +02 36 52.0      ;277.69600 +02.61444        ; 4.39 
108 ;* gam01 Ari              ;01 53 31.772 +19 17 46.27    ;028.382383 +19.296186      ; 4.70 
109 ;V* V368 Aql              ;19 26 34.46 +07 36 13.8      ;291.64358 +07.60383        ; 5.0  
110 ;* alf CrB                ;15 34 41.26800 +26 42 52.8940;233.67195002 +26.71469278  ; 2.24 
111 ;* alf Crv                ;12 08 24.81652 -24 43 43.9504;182.10340218 -24.72887510  ; 4.00 
112 ;* chi Cyg                ;19 50 33.92439 +32 54 50.6097;297.64135163 +32.91405824  ; 4.24 
113 ;* eps PsA                ;22 40 39.34075 -27 02 37.0157;340.16391980 -27.04361546  ; 4.180
114 ;* tau Leo                ;11 27 56.23976 +02 51 22.5609;171.98433231 +02.85626691  ; 4.950
115 ;* 37 Tau                 ;04 04 41.71484 +22 04 54.9243;061.17381184 +22.08192341  ; 4.37 
116 ;* 15 CMa                 ;06 53 32.90719 -20 13 27.3177;103.38711328 -20.22425492  ; 4.83 
117 ;* gam Cet                ;02 43 18.03910 +03 14 08.9390;040.82516290 +03.23581638  ; 3.47 
118 ;* gam Lep                ;05 44 27.79089 -22 26 54.1808;086.11579539 -22.44838356  ; 3.60 
119 ;* eps CMi                ;07 25 38.89613 +09 16 33.9541;111.41206721 +09.27609836  ; 4.998
120 ;* rho Ser                ;15 51 15.90985 +20 58 40.5166;237.81629103 +20.97792128  ; 4.78 
121 ;* 56 Peg                 ;23 07 06.73908 +25 28 05.7329;346.77807952 +25.46825914  ; 4.74 
122 ;* del For                ;03 42 14.90248 -31 56 18.1055;055.56209365 -31.93836263  ; 4.970
123 ;TYC 6744-1753-1          ;14 28 10.437 -29 29 29.97    ;217.043488 -29.491658      ; 4.972
124 ;* mu. Gem                ;06 22 57.62686 +22 30 48.8979;095.74011193 +22.51358275  ; 2.87 
125 ;* alf CMa A              ;06 45 08.917 -16 42 58.02    ;101.287154 -16.716117      ;-1.09 
126 ;* 32 Eri A               ;03 54 17.469 -02 57 14.54    ;058.572787 -02.954039      ; 4.79 
127 ;* mu. Leo                ;09 52 45.81654 +26 00 25.0319;148.19090227 +26.00695330  ; 3.88 
128 ;* 31 Peg                 ;22 21 31.07511 +12 12 18.6628;335.37947961 +12.20518412  ; 4.99 
129 ;* i Aql                  ;19 01 40.82707 -05 44 20.8134;285.42011280 -05.73911485  ; 4.02 
130 ;* alf02 Lib              ;14 50 52.71309 -16 02 30.3955;222.71963789 -16.04177652  ; 2.75 
131 ;HR 2766                  ;07 16 34.99334 -27 52 52.2427;109.14580559 -27.88117852  ; 4.64 
132 ;* del Aqr                ;22 54 39.01351 -15 49 14.9782;343.66255630 -15.82082729  ; 3.28 
133 ;* sig CMa                ;07 01 43.14779 -27 56 05.3898;105.42978244 -27.93483049  ; 3.47 
134 ;IDS 15505-3340 AB        ;15 56 53.7 -33 57 50         ;239.2237 -33.9639          ; 4.58 
135 ;BD+05 939A               ;05 30 47.06 +05 56 53.3      ;082.69608 +05.94814        ; 4.44 
136 ;* zet Ori A              ;05 40 45.527 -01 56 33.26    ;085.189696 -01.942572      ; 1.88 
137 ;* eps CrB                ;15 57 35.25147 +26 52 40.3635;239.39688111 +26.87787876  ; 4.130
138 ;* 93 Leo                 ;11 47 59.13595 +20 13 08.1500;176.99639979 +20.21893056  ; 4.537
139 ;* 29 Boo A               ;14 40 43.56 +16 25 05.9      ;220.18150 +16.41831        ; 4.9  
140 ;* ome Eri                ;04 52 53.66995 -05 27 09.6972;073.22362480 -05.45269367  ; 4.40 
141 ;* tet Ant                ;09 44 12.09512 -27 46 10.1011;146.05039632 -27.76947252  ; 4.79 
142 ;* 70 Aql                 ;20 36 43.63281 -02 32 59.8403;309.18180337 -02.54995563  ; 4.903
143 ;* rho Hya                ;08 48 25.97057 +05 50 16.1283;132.10821073 +05.83781343  ; 4.343
144 ;* del Boo                ;15 15 30.16295 +33 18 53.3926;228.87567897 +33.31483127  ; 3.49 
145 ;* 70 Oph                 ;18 05 27.28518 +02 30 00.3558;271.36368827 +02.50009883  ; 4.03 
146 ;* k02 Pup                ;07 38 49.869 -26 48 13.80    ;114.707788 -26.803833      ; 4.429
147 ;* alf Lyn                ;09 21 03.30074 +34 23 33.2245;140.26375310 +34.39256237  ; 3.14 
148 ;HR 7659                  ;20 04 19.59387 -32 03 22.6729;301.08164113 -32.05629802  ; 4.99 
149 ;* del Equ                ;21 14 28.81531 +10 00 25.1259;318.62006378 +10.00697940  ; 4.49 
150 ;* ups02 Eri              ;04 35 33.03834 -30 33 44.4297;068.88765974 -30.56234160  ; 3.82 
151 ;V* V841 Oph              ;16 59 30.37 -12 53 27.1      ;254.87654 -12.89086        ; 4.3  
152 ;* kap Aur                ;06 15 22.68906 +29 29 53.0760;093.84453775 +29.49807668  ; 4.35 
153 ;* 37 Lib                 ;15 34 10.70209 -10 03 52.3063;233.54459205 -10.06452954  ; 4.62 
154 ;NOVA Gem 1903            ;06 44 12.05 +29 56 41.9      ;101.05021 +29.94497        ; 4.8  
155 ;* tau01 Hya              ;09 29 08.89655 -02 46 08.2649;142.28706895 -02.76896247  ; 4.60 
156 ;* eta Gem A              ;06 14 52.695 +22 30 24.56    ;093.719562 +22.506822      ; 3.32 
157 ;* chi Vir                ;12 39 14.76703 -07 59 44.0324;189.81152931 -07.99556457  ; 4.643
158 ;* bet Eri                ;05 07 50.98549 -05 05 11.2055;076.96243955 -05.08644597  ; 2.79 
159 ;* h Her                  ;16 32 36.29190 +11 29 16.9479;248.15121625 +11.48804109  ; 4.85 
160 ;* 56 Ori                 ;05 52 26.43854 +01 51 18.4958;088.11016059 +01.85513772  ; 4.763
161 ;* bet01 Mon              ;06 28 49.06971 -07 01 59.0101;097.20445713 -07.03305836  ; 4.60 
162 ;* kap Leo                ;09 24 39.25874 +26 10 56.3650;141.16357808 +26.18232361  ; 4.46 
163 ;* 35 Peg                 ;22 27 51.52245 +04 41 44.4005;336.96467687 +04.69566681  ; 4.80 
164 ;* phi Sgr                ;18 45 39.38610 -26 59 26.7944;281.41410877 -26.99077623  ; 3.161
165 ;* eps Lep                ;05 05 27.66537 -22 22 15.7239;076.36527238 -22.37103442  ; 3.18 
166 ;* psi Sco                ;16 11 59.98852 -10 03 51.2683;242.99995217 -10.06424119  ; 4.940
167 ;HD 36960                 ;05 35 02.68074 -06 00 07.3036;083.76116975 -06.00202877  ; 4.78 
168 ;* nu. For                ;02 04 29.43861 -29 17 48.5477;031.12266087 -29.29681882  ; 4.69 
169 ;* gam Equ A              ;21 10 20.501 +10 07 53.67    ;317.585421 +10.131575      ; 4.70 
170 ;* 2 Cet                  ;00 03 44.38784 -17 20 09.5719;000.93494934 -17.33599220  ; 4.543
171 ;* tau03 Eri              ;03 02 23.49939 -23 37 28.0936;045.59791413 -23.62447044  ; 4.09 
172 ;* 48 Lib                 ;15 58 11.36869 -14 16 45.6894;239.54736956 -14.27935817  ; 4.87 
173 ;* c01 Aqr                ;23 06 40.84483 -23 44 35.2344;346.67018679 -23.74312068  ; 4.47 
174 ;* tet02 Ser              ;18 56 14.63687 +04 12 07.6269;284.06098697 +04.20211858  ; 4.98 
175 ;* ome02 Sco              ;16 07 24.32818 -20 52 07.5518;241.85136741 -20.86876440  ; 4.33 
176 ;HD 20644                 ;03 20 20.36111 +29 02 54.4451;050.08483796 +29.04845698  ; 4.47 
177 ;* 54 Eri                 ;04 40 26.51204 -19 40 17.3697;070.11046685 -19.67149158  ; 4.30 
178 ;* ups Boo                ;13 49 28.64078 +15 47 52.4603;207.36933660 +15.79790563  ; 4.07 
179 ;* f Aql                  ;19 20 32.90437 -05 24 56.7440;290.13710155 -05.41576222  ; 4.995
180 ;* alf01 Cap              ;20 17 38.86987 -12 30 29.5594;304.41195781 -12.50821094  ; 4.27 
181 ;* eps Cap                ;21 37 04.83068 -19 27 57.6464;324.27012783 -19.46601288  ; 4.55 
182 ;* gam02 Leo              ;10 19 58.620 +19 50 26.70    ;154.994250 +19.840750      ; 4.225
183 ;* alf Gem B              ;07 34 36.100 +31 53 18.57    ;113.650417 +31.888492      ; 2.97 
184 ;C 0523+160               ;05 26 06.0 +16 42 00         ;081.5250 +16.7000          ; 3.0  
185 ;* kap01 Cet              ;03 19 21.69632 +03 22 12.7152;049.84040133 +03.37019865  ; 4.85 
186 ;* f Lup                  ;15 17 49.83809 -30 08 55.2165;229.45765869 -30.14867126  ; 4.33 
187 ;C 0722-321               ;07 24 27.0 -31 51 00         ;111.1125 -31.8500          ; 3.5  
188 ;* e Gem                  ;06 54 38.63478 +13 10 40.2207;103.66097826 +13.17783909  ; 4.706
189 ;* phi Tau                ;04 20 21.21580 +27 21 02.7009;065.08839919 +27.35075025  ; 4.957
190 ;* 93 Her                 ;18 00 03.41606 +16 45 03.3099;270.01423359 +16.75091942  ; 4.67 
191 ;* zet Boo A              ;14 41 08.962 +13 43 41.79    ;220.287342 +13.728275      ; 4.547
192 ;* zet Ori                ;05 40 45.52666 -01 56 33.2649;085.18969443 -01.94257359  ; 1.79 
193 ;HR 2812                  ;07 22 13.52901 -19 00 59.7646;110.55637088 -19.01660128  ; 4.957
194 ;* del PsA                ;22 55 56.90026 -32 32 22.6335;343.98708443 -32.53962041  ; 4.226
195 ;* tau Tau                ;04 42 14.70161 +22 57 24.9214;070.56125671 +22.95692260  ; 4.264
196 ;* ome Boo                ;15 02 06.50855 +25 00 29.3003;225.52711895 +25.00813898  ; 4.81 
197 ;NOVA Her 1991            ;18 46 31.56 +12 14 00.7      ;281.63150 +12.23353        ; 5.0  
198 ;* rho Peg                ;22 55 13.67197 +08 48 58.1932;343.80696653 +08.81616477  ; 4.90 
199 ;* eps Lib                ;15 24 11.89101 -10 19 20.1740;231.04954586 -10.32227055  ; 4.928
200 ;* ups04 Eri              ;04 17 53.66241 -33 47 54.0569;064.47359336 -33.79834914  ; 3.56 
201 ;* 70 Peg                 ;23 29 09.29698 +12 45 37.9918;352.28873743 +12.76055329  ; 4.56 
202 ;* 41 Ari                 ;02 49 59.03324 +27 15 37.8260;042.49597183 +27.26050723  ; 3.606
203 ;* 36 Oph                 ;17 15 20.98394 -26 36 10.1571;258.83743307 -26.60282143  ; 4.32 
204 ;HR 2244                  ;06 15 44.88569 -13 43 06.2928;093.93702370 -13.71841467  ; 4.998
205 ;* eta Leo                ;10 07 19.95186 +16 45 45.5803;151.83313275 +16.76266119  ; 3.41 
206 ;* gam Scl                ;23 18 49.44076 -32 31 55.2890;349.70600318 -32.53202471  ; 4.415
207 ;* 7 Cet                  ;00 14 38.41655 -18 55 58.3145;003.66006897 -18.93286514  ; 4.46 
208 ;* pi. Vir                ;12 00 52.39042 +06 36 51.5571;180.21829342 +06.61432142  ; 4.659
209 ;* gam CrB A              ;15 42 44.569 +26 17 44.28    ;235.685704 +26.295633      ; 4.04 
210 ;* omi Cet A              ;02 19 20.792 -02 58 39.50    ;034.836633 -02.977639      ; 3.04 
211 ;* rho Aql                ;20 14 16.61886 +15 11 51.3923;303.56924526 +15.19760896  ; 4.947
212 ;* lam Col                ;05 53 06.88101 -33 48 04.9079;088.27867089 -33.80136331  ; 4.87 
213 ;* alf Oph                ;17 34 56.06945 +12 33 36.1346;263.73362272 +12.56003739  ; 2.07 
214 ;* tau01 Eri              ;02 45 06.18710 -18 34 21.2149;041.27577960 -18.57255971  ; 4.46 
215 ;* 1 Vul                  ;19 16 13.03970 +21 23 25.5339;289.05433208 +21.39042608  ; 4.77 
216 ;* eps Sco                ;16 50 09.81081 -34 17 35.6337;252.54087839 -34.29323159  ; 2.29 
217 ;* chi Pup                ;07 57 40.10643 -30 20 04.4523;119.41711012 -30.33457007  ; 4.79 
218 ;* alf Del                ;20 39 38.28720 +15 54 43.4637;309.90953000 +15.91207326  ; 3.800
219 ;* bet Lep                ;05 28 14.72316 -20 45 33.9878;082.06134649 -20.75944105  ; 2.84 
220 ;* tau Aqr                ;22 49 35.50157 -13 35 33.4767;342.39792320 -13.59263240  ; 3.98 
221 ;* tau Oph                ;18 03 04.91992 -08 10 49.2586;270.77049968 -08.18034961  ; 4.78 
222 ;V* alf Her               ;17 14 38.879 +14 23 25.01    ;258.661996 +14.390281      ; 3.350
223 ;* iot Cnc                ;08 46 41.81988 +28 45 35.6190;131.67424952 +28.75989418  ; 4.028
224 ;* eta Vir                ;12 19 54.354 -00 40 00.46    ;184.976475 -00.666794      ; 3.90 
225 ;* nu.01 Sgr              ;18 54 10.17695 -22 44 41.4247;283.54240398 -22.74484020  ; 4.859
226 ;* F Hya                  ;08 43 40.37345 -07 14 01.4323;130.91822271 -07.23373120  ; 4.642
227 ;* f Pup                  ;07 37 22.10978 -34 58 06.7109;114.34212409 -34.96853080  ; 4.53 
228 ;* 72 Leo                 ;11 15 12.22709 +23 05 43.8373;168.80094620 +23.09551036  ; 4.63 
229 ;* mu. Her                ;17 46 27.52667 +27 43 14.4379;266.61469448 +27.72067718  ; 3.42 
230 ;* e Gem A                ;06 54 38.636 +13 10 40.17    ;103.660983 +13.177825      ; 4.715
231 ;* alf Her                ;17 14 38.85818 +14 23 25.2262;258.66190909 +14.39034061  ; 3.06 
232 ;* sig Aqr                ;22 30 38.81546 -10 40 40.6238;337.66173110 -10.67795107  ; 4.81 
233 ;* del Leo                ;11 14 06.50142 +20 31 25.3853;168.52708927 +20.52371814  ; 2.53 
234 ;* tau Vir                ;14 01 38.79341 +01 32 40.3145;210.41163923 +01.54453181  ; 4.244
235 ;* gam Tri                ;02 17 18.86703 +33 50 49.8950;034.32861264 +33.84719307  ; 4.00 
236 ;* eps Mon A              ;06 23 46.08471 +04 35 34.3153;095.94201964 +04.59286537  ; 4.414
237 ;* rho Ori                ;05 13 17.48015 +02 51 40.5479;078.32283394 +02.86126329  ; 4.44 
238 ;* 64 Eri                 ;04 59 55.73677 -12 32 14.6983;074.98223656 -12.53741619  ; 4.782
239 ;* e Boo                  ;13 49 42.83457 +21 15 50.7788;207.42847736 +21.26410523  ; 4.91 
240 ;* psi02 Aqr              ;23 17 54.21372 -09 10 57.0675;349.47589051 -09.18251876  ; 4.40 
241 ;V* KQ Pup                ;07 33 47.96383 -14 31 26.0026;113.44984928 -14.52388960  ; 4.97 
242 ;* chi Lup                ;15 50 57.53829 -33 37 37.7953;237.73974286 -33.62716537  ; 3.957
243 ;* gam Equ                ;21 10 20.50005 +10 07 53.6763;317.58541686 +10.13157674  ; 4.68 
244 ;BD+18 4254A              ;19 48 58.653 +19 08 31.40    ;297.244388 +19.142056      ; 5.0  
245 ;* psi02 Lup              ;15 42 41.02206 -34 42 37.4617;235.67092523 -34.71040604  ; 4.717
246 ;HR 6766                  ;18 08 04.97982 -28 27 25.5316;272.02074923 -28.45709212  ; 4.56 
247 ;* 31 Leo                 ;10 07 54.27057 +09 59 51.0230;151.97612736 +09.99750639  ; 4.38 
248 ;* sig Lib                ;15 04 04.21608 -25 16 55.0606;226.01756698 -25.28196129  ; 3.21 
249 ;* 61 Vir                 ;13 18 24.31427 -18 18 40.3047;199.60130946 -18.31119576  ; 4.740
250 ;* nu. Aqr                ;21 09 35.64888 -11 22 18.0851;317.39853701 -11.37169030  ; 4.52 
251 ;* nu.03 CMa              ;06 37 53.42144 -18 14 14.9218;099.47258932 -18.23747828  ; 4.42 
252 ;* eta Aql                ;19 52 28.36775 +01 00 20.3696;298.11819895 +01.00565823  ; 3.80 
253 ;* 20 Cet                 ;00 53 00.49452 -01 08 39.3317;013.25206051 -01.14425880  ; 4.76 
254 ;* 46 Cet                 ;01 25 37.23517 -14 35 55.6670;021.40514653 -14.59879638  ; 4.918
255 ;HD 66141                 ;08 02 15.93659 +02 20 04.4522;120.56640246 +02.33457005  ; 4.38 
256 ;* gam Hya                ;13 18 55.29719 -23 10 17.4514;199.73040494 -23.17151428  ; 3.00 
257 ;* tau PsA                ;22 10 08.78048 -32 32 54.2687;332.53658532 -32.54840799  ; 4.92 
258 ;* alf Aql                ;19 50 46.99855 +08 52 05.9563;297.69582730 +08.86832120  ; 0.76 
259 ;* lam Sgr                ;18 27 58.24072 -25 25 18.1146;276.99266967 -25.42169850  ; 2.81 
260 ;* del Ser B              ;15 34 48.142 +10 32 19.04    ;233.700592 +10.538622      ; 3.80 
261 ;* 60 Her                 ;17 05 22.69021 +12 44 26.9696;256.34454255 +12.74082488  ; 4.882
262 ;* bet Tri                ;02 09 32.62712 +34 59 14.2694;032.38594634 +34.98729706  ; 3.00 
263 ;* eta Eri                ;02 56 25.64948 -08 53 53.3221;044.10687285 -08.89814503  ; 3.87 
264 ;* alf Sex                ;10 07 56.287 -00 22 17.95    ;151.984529 -00.371653      ; 4.49 
265 ;* iot Lep                ;05 12 17.90190 -11 52 09.1863;078.07459127 -11.86921841  ; 4.45 
266 ;* gam Her                ;16 21 55.21440 +19 09 11.2618;245.48006002 +19.15312827  ; 3.76 
267 ;* mu. CMa                ;06 56 06.64589 -14 02 36.3520;104.02769123 -14.04343111  ; 5.00 
268 ;* ksi Peg                ;22 46 41.58118 +12 10 22.3854;341.67325490 +12.17288485  ; 4.20 
269 ;* alf Scl                ;00 58 36.35930 -29 21 26.8247;014.65149710 -29.35745131  ; 4.27 
270 ;* 32 Ori                 ;05 30 47.05091 +05 56 53.2925;082.69604545 +05.94813679  ; 4.20 
271 ;* 66 Oph                 ;18 00 15.79825 +04 22 07.0163;270.06582603 +04.36861564  ; 4.60 
272 ;IC 4665                  ;17 46 18.0 +05 43 00         ;266.5750 +05.7167          ; 4.2  
273 ;* mu. Sgr                ;18 13 45.80884 -21 03 31.7941;273.44087017 -21.05883169  ; 3.85 
274 ;* ups Psc                ;01 19 27.99289 +27 15 50.6155;019.86663703 +27.26405987  ; 4.752
275 ;* pi.04 Ori              ;04 51 12.36472 +05 36 18.3723;072.80151967 +05.60510342  ; 3.680
276 ;* eta And                ;00 57 12.40018 +23 25 03.5356;014.30166743 +23.41764878  ; 4.42 
277 ;* ups Tau                ;04 26 18.46368 +22 48 48.8885;066.57693198 +22.81358014  ; 4.293
278 ;* tet Hya                ;09 14 21.86007 +02 18 51.3432;138.59108361 +02.31426199  ; 3.88 
279 ;* 7 Com                  ;12 16 20.53831 +23 56 43.4700;184.08557629 +23.94540833  ; 4.86 
280 ;* 55 Peg                 ;23 07 00.25965 +09 24 34.1703;346.75108186 +09.40949174  ; 4.520
281 ;* 20 Mon                 ;07 10 13.68165 -04 14 13.5861;107.55700687 -04.23710724  ; 4.92 
282 ;* mu. Cet                ;02 44 56.54098 +10 06 50.9089;041.23558742 +10.11414136  ; 4.20 
283 ;V* del Ser               ;15 34 48.14 +10 32 20.7      ;233.70058 +10.53908        ; 3.80 
284 ;* eps Boo                ;14 44 59.21746 +27 04 27.2099;221.24673940 +27.07422497  ; 2.39 
285 ;* 41 Com                 ;13 07 10.73003 +27 37 29.0585;196.79470844 +27.62473847  ; 4.69 
286 ;* psi02 Ori              ;05 26 50.22929 +03 05 44.4203;081.70928871 +03.09567231  ; 4.595
287 ;* kap Lep                ;05 13 13.87761 -12 56 28.6463;078.30782337 -12.94129064  ; 4.421
288 ;* 110 Vir                ;15 02 54.03796 +02 05 28.6944;225.72515818 +02.09130400  ; 4.40 
289 ;* pi. Aqr                ;22 25 16.62285 +01 22 38.6346;336.31926188 +01.37739850  ; 4.64 
290 ;TYC 6436-2246-1          ;02 33 50.710 -28 13 56.44    ;038.461292 -28.232344      ; 4.96 
291 ;* c Oph                  ;17 31 24.95413 -23 57 45.5136;262.85397556 -23.96264266  ; 4.81 
292 ;* d Sgr                  ;19 17 38.07940 -18 57 10.4680;289.40866415 -18.95290777  ; 4.889
293 ;Cl Blanco 1              ;00 04 07.0 -29 50 00         ;001.0292 -29.8333          ; 4.5  
294 ;V* V983 Cen              ;13 51 49.60136 -32 59 38.7067;207.95667234 -32.99408521  ; 4.53 
295 ;* eta Sct                ;18 57 03.66968 -05 50 46.7216;284.26529034 -05.84631157  ; 4.826
296 ;HR 6842                  ;18 18 03.19136 -27 02 33.5149;274.51329734 -27.04264302  ; 4.662
297 ;* ksi01 CMa              ;06 31 51.36636 -23 25 06.3181;097.96402649 -23.41842169  ; 4.33 
298 ;* 15 Vul                 ;20 01 06.04846 +27 45 12.8639;300.27520192 +27.75357330  ; 4.663
299 ;* 1 Pup                  ;07 43 32.38658 -28 24 39.1832;115.88494408 -28.41088421  ; 4.59 
300 ;* pi. Ser                ;16 02 17.69166 +22 48 16.0302;240.57371524 +22.80445284  ; 4.817
301 ;* eta Scl                ;00 27 55.69870 -33 00 25.7977;006.98207790 -33.00716603  ; 4.81 
302 ;* a Hya                  ;08 40 01.47135 -12 28 31.3411;130.00613061 -12.47537253  ; 4.987
303 ;NGC 6530                 ;18 04 31.0 -24 21 30         ;271.1292 -24.3583          ; 4.6  
304 ;* nu. Gem                ;06 28 57.78613 +20 12 43.6856;097.24077556 +20.21213490  ; 4.14 
305 ;* del Crt                ;11 19 20.44756 -14 46 42.7413;169.83519818 -14.77853925  ; 3.56 
306 ;* sig02 Tau              ;04 39 16.50230 +15 55 04.7029;069.81875960 +15.91797304  ; 4.675
307 ;* lam Gem                ;07 18 05.57977 +16 32 25.3905;109.52324905 +16.54038626  ; 3.581
308 ;* zet Aqr                ;22 28 49.90685 -00 01 11.7942;337.20794520 -00.01994285  ; 3.65 
309 ;* lam Cet                ;02 59 42.89987 +08 54 26.4899;044.92874947 +08.90735830  ; 4.70 
310 ;* 17 Lep                 ;06 04 59.12909 -16 29 03.9700;091.24637120 -16.48443612  ; 4.93 
311 ;* k01 Pup                ;07 38 49.380 -26 48 06.49    ;114.705750 -26.801803      ; 4.50 
312 ;* phi Psc                ;01 13 44.94635 +24 35 01.3590;018.43727646 +24.58371082  ; 4.66 
313 ;* ome Sco                ;16 06 48.42692 -20 40 09.0902;241.70177884 -20.66919173  ; 3.97 
314 ;* 52 Cyg                 ;20 45 39.75304 +30 43 10.9756;311.41563767 +30.71971544  ; 4.23 
315 ;* ups Peg                ;23 25 22.78350 +23 24 14.7606;351.34493127 +23.40410016  ; 4.40 
316 ;* zet Her                ;16 41 17.16104 +31 36 09.7873;250.32150433 +31.60271870  ; 2.800
317 ;CoRoT 110778159          ;06 54 07.4 -03 06 09         ;103.5310 -03.1026          ; 0.000
318 ;* iot Cet                ;00 19 25.67416 -08 49 26.1111;004.85697568 -08.82391974  ; 3.55 
319 ;* 13 Vul A               ;19 53 27.694 +24 04 46.57    ;298.365392 +24.079603      ; 4.642
320 ;* chi02 Ori              ;06 03 55.18482 +20 08 18.4316;090.97993675 +20.13845324  ; 4.63 
321 ;* eps Oph                ;16 18 19.28974 -04 41 33.0345;244.58037393 -04.69250958  ; 3.23 
322 ;* 106 Her                ;18 20 17.91480 +21 57 40.6656;275.07464502 +21.96129601  ; 4.96 
323 ;* zet Hya                ;08 55 23.62614 +05 56 44.0354;133.84844223 +05.94556539  ; 3.10 
324 ;* b Ori                  ;05 42 28.63276 +01 28 28.6656;085.61930317 +01.47462933  ; 4.90 
325 ;* 71 Oph                 ;18 07 18.35921 +08 44 01.9156;271.82649670 +08.73386545  ; 4.647
326 ;* kap Ser                ;15 48 44.37676 +18 08 29.6342;237.18490319 +18.14156506  ; 4.09 
327 ;* iot Hya                ;09 39 51.36145 -01 08 34.1135;144.96400602 -01.14280930  ; 3.91 
328 ;* 109 Her                ;18 23 41.88976 +21 46 11.1066;275.92454066 +21.76975183  ; 3.84 
329 ;* o Ori                  ;05 21 45.747 -00 22 56.87    ;080.440612 -00.382464      ; 4.74 
330 ;* zet Sge                ;19 48 58.65978 +19 08 31.3516;297.24441574 +19.14204210  ; 5.00 
331 ;* pi.01 Ori              ;04 54 53.72877 +10 09 02.9952;073.72386986 +10.15083201  ; 4.656
332 ;* b01 Aqr                ;23 22 58.22606 -20 06 02.0963;350.74260858 -20.10058231  ; 3.98 
333 ;* pi.03 Ori              ;04 49 50.41091 +06 57 40.5883;072.46004544 +06.96127453  ; 3.190
334 ;* del03 Tau A            ;04 25 29.388 +17 55 40.47    ;066.372450 +17.927908      ; 4.25 
335 ;* 17 Mon                 ;06 47 19.83031 +08 02 14.1154;101.83262629 +08.03725428  ; 4.77 
336 ;HD 143454                ;15 59 30.16116 +25 55 12.5937;239.87567149 +25.92016492  ; 2.00 
337 ;* eta Oph                ;17 10 22.68689 -15 43 29.6639;257.59452871 -15.72490664  ; 2.42 
338 ;* 104 Her                ;18 11 54.15684 +31 24 19.2570;272.97565348 +31.40534918  ; 4.97 
339 ;* 68 Oph                 ;18 01 45.19884 +01 18 18.2775;270.43832849 +01.30507709  ; 4.439
340 ;* iot PsA                ;21 44 56.80944 -33 01 32.8180;326.23670599 -33.02578278  ; 4.34 
341 ;Cl Collinder 399         ;19 25 24.0 +20 11 00         ;291.3500 +20.1833          ; 3.6  
342 ;* mu. Eri                ;04 45 30.15038 -03 15 16.7765;071.37562660 -03.25466015  ; 4.00 
343 ;* lam Aql                ;19 06 14.93898 -04 52 57.2007;286.56224574 -04.88255574  ; 3.43 
344 ;* tet02 Tau              ;04 28 39.74070 +15 52 15.1745;067.16558623 +15.87088182  ; 3.410
345 ;* mu. Hya                ;10 26 05.42630 -16 50 10.6429;156.52260958 -16.83628968  ; 3.81 
346 ;* b03 Aqr                ;23 33 16.62300 -20 54 52.2155;353.31926250 -20.91450430  ; 4.709
347 ;NAME * f Pup AB          ;07 37 22.108 -34 58 06.68    ;114.342117 -34.968522      ; 4.540
348 ;NGC 6633                 ;18 27 31.2 +06 34 12         ;276.8800 +06.5700          ; 4.6  
349 ;* w Pup                  ;08 21 23.02665 -33 03 15.7147;125.34594439 -33.05436519  ; 4.80 
350 ;* ksi Sco                ;16 04 22.191 -11 22 22.60    ;241.092462 -11.372944      ; 4.17 
351 ;* iot Aur                ;04 56 59.62109 +33 09 57.9585;074.24842121 +33.16609957  ; 2.69 
352 ;* u Her                  ;17 17 19.56756 +33 06 00.3631;259.33153152 +33.10010086  ; 4.80 
353 ;* tau06 Eri              ;03 46 50.88819 -23 14 59.0046;056.71203413 -23.24972349  ; 4.20 
354 ;* v Eri                  ;03 30 37.05823 -05 04 30.5239;052.65440929 -05.07514552  ; 4.727
355 ;* eps Cyg                ;20 46 12.68236 +33 58 12.9250;311.55284318 +33.97025693  ; 2.480
356 ;IC 4756                  ;18 38 31.2 +05 29 24         ;279.6300 +05.4900          ; 4.6  
357 ;* psi Boo                ;15 04 26.74234 +26 56 51.5399;226.11142641 +26.94764996  ; 4.55 
358 ;* alf Ori                ;05 55 10.30536 +07 24 25.4304;088.79293899 +07.40706400  ; 0.42 
359 ;* g Cen                  ;13 49 26.72175 -34 27 02.7929;207.36134063 -34.45077580  ; 4.19 
360 ;* 119 Tau                ;05 32 12.75251 +18 35 39.2436;083.05313545 +18.59423433  ; 4.33 
361 ;* nu.02 Sgr              ;18 55 07.14098 -22 40 16.8185;283.77975408 -22.67133847  ; 4.98 
362 ;* chi Leo                ;11 05 01.02754 +07 20 09.6235;166.25428143 +07.33600653  ; 4.63 
363 ;* b02 Aqr                ;23 26 02.78566 -20 38 31.2630;351.51160692 -20.64201751  ; 4.39 
364 ;* E Hya                  ;14 50 17.30909 -27 57 37.3321;222.57212122 -27.96037002  ; 4.41 
365 ;* rho Cet                ;02 25 57.00560 -12 17 25.7104;036.48752334 -12.29047511  ; 4.869
366 ;* iot Tri                ;02 12 22.28003 +30 18 11.0430;033.09283344 +30.30306751  ; 4.952
367 ;* alf For A              ;03 12 04.294 -28 59 20.42    ;048.017892 -28.989006      ; 3.98 
368 ;* omi Pup                ;07 48 05.16839 -25 56 13.8123;117.02153497 -25.93717008  ; 4.49 
369 ;* gam Aqr                ;22 21 39.37542 -01 23 14.4031;335.41406425 -01.38733418  ; 3.847
370 ;* ksi Aql                ;19 54 14.88184 +08 27 41.2299;298.56200766 +08.46145276  ; 4.722
371 ;* psi01 Lup              ;15 39 45.97886 -34 24 42.9065;234.94157859 -34.41191847  ; 4.668
372 ;* bet Del                ;20 37 32.94130 +14 35 42.3195;309.38725542 +14.59508875  ; 3.63 
373 ;HR 1952                  ;05 40 50.71498 -01 07 43.6366;085.21131240 -01.12878793  ; 4.95 
374 ;* m Pup                  ;07 38 18.04541 -25 21 53.3017;114.57518921 -25.36480601  ; 4.70 
375 ;V* HR Del                ;20 42 20.34627 +19 09 39.3118;310.58477611 +19.16091994  ; 3.70 
376 ;* 30 Vul                 ;20 44 52.50440 +25 16 14.2162;311.21876832 +25.27061561  ; 4.91 
377 ;* mu. Ser                ;15 49 37.20696 -03 25 48.7358;237.40502902 -03.43020438  ; 3.53 
378 ;* o Tau                  ;05 27 38.08406 +21 56 13.0738;081.90868360 +21.93696495  ; 4.865
379 ;* 51 Gem                 ;07 13 22.27609 +16 09 32.2735;108.34281704 +16.15896486  ; 5.00 
380 ;* ksi CrB                ;16 22 05.82391 +30 53 31.1837;245.52426628 +30.89199548  ; 4.857
381 ;* bet Aql                ;19 55 18.79256 +06 24 24.3425;298.82830234 +06.40676180  ; 3.710
382 ;NAME CMA Dwarf Galaxy    ;07 12 36.0 -27 40 00         ;108.1500 -27.6667          ;-0.1  
383 ;* iot Cap                ;21 22 14.79565 -16 50 04.3598;320.56164853 -16.83454438  ; 4.27 
384 ;* 15 Mon A               ;06 40 58.656 +09 53 44.71    ;100.244400 +09.895753      ; 4.683
385 ;* bet Her                ;16 30 13.19955 +21 29 22.6008;247.55499811 +21.48961132  ; 2.77 
386 ;* bet Vir                ;11 50 41.71824 +01 45 52.9910;177.67382599 +01.76471973  ; 3.60 
387 ;* lam Ori A              ;05 35 08.277 +09 56 02.96    ;083.784487 +09.934156      ; 3.47 
388 ;HD 183912                ;19 30 43.286 +27 57 34.84    ;292.680358 +27.959678      ; 3.08 
389 ;* d Eri                  ;04 24 02.21725 -34 01 00.6542;066.00923853 -34.01684839  ; 3.96 
390 ;* tet Aql                ;20 11 18.266 -00 49 17.31    ;302.826108 -00.821475      ; 3.22 
391 ;* tet01 Ser              ;18 56 13.18150 +04 12 12.9124;284.05492290 +04.20358679  ; 4.62 
392 ;* bet Psc                ;23 03 52.61349 +03 49 12.1662;345.96922289 +03.82004617  ; 4.52 
393 ;* tet Oph                ;17 22 00.57935 -24 59 58.3670;260.50241395 -24.99954638  ; 3.26 
394 ;* 18 Mon                 ;06 47 51.64956 +02 24 43.7737;101.96520651 +02.41215935  ; 4.47 
395 ;* del Col                ;06 22 06.82831 -33 26 11.0323;095.52845131 -33.43639785  ; 3.85 
396 ;* 139 Tau                ;05 57 59.65632 +25 57 14.0799;089.49856800 +25.95391107  ; 4.82 
397 ;* 6 CMi                  ;07 29 47.78173 +12 00 23.6347;112.44909052 +12.00656520  ; 4.547
398 ;* 19 Pup                 ;08 11 16.30585 -12 55 37.1952;122.81794105 -12.92699866  ; 4.72 
399 ;* tet Leo                ;11 14 14.40446 +15 25 46.4541;168.56001859 +15.42957058  ; 3.35 
400 ;* h Cen                  ;13 53 12.53953 -31 55 39.3947;208.30224803 -31.92760963  ; 4.73 
401 ;* g Gem                  ;07 46 07.44709 +18 30 36.1545;116.53102956 +18.51004292  ; 4.87 
402 ;* 15 Ori                 ;05 09 41.95770 +15 35 50.0410;077.42482376 +15.59723360  ; 4.82 
403 ;CD-33 16270A             ;22 52 31.532 -32 52 32.00    ;343.131383 -32.875556      ; 4.51 
404 ;* c02 Aqr                ;23 09 26.79681 -21 10 20.6812;347.36165339 -21.17241145  ; 3.64 
405 ;* 2 Sex                  ;09 38 27.28962 +04 38 57.4461;144.61370676 +04.64929058  ; 4.68 
406 ;* lam Eri                ;05 09 08.78315 -08 45 14.6908;077.28659645 -08.75408079  ; 4.27 
407 ;* b Cap                  ;21 28 43.40070 -21 48 25.8504;322.18083625 -21.80718067  ; 4.50 
408 ;* mu. PsA                ;22 08 23.00806 -32 59 18.4884;332.09586690 -32.98846901  ; 4.50 
409 ;* mu. Lep                ;05 12 55.90168 -16 12 19.6885;078.23292366 -16.20546904  ; 3.29 
410 ;* rho Oph                ;16 25 35.11766 -23 26 49.8150;246.39632359 -23.44717083  ; 4.63 
411 ;* alf Hya                ;09 27 35.24270 -08 39 30.9583;141.89684460 -08.65859953  ; 1.97 
412 ;* k Aqr                  ;20 47 44.23898 -05 01 39.7220;311.93432910 -05.02770055  ; 4.44 
413 ;* ups01 Eri              ;04 33 30.55236 -29 45 59.3725;068.37730151 -29.76649236  ; 4.51 
414 ;* sig Sco                ;16 21 11.31571 -25 35 34.0515;245.29714880 -25.59279208  ; 2.89 
415 ;* sig Hya                ;08 38 45.43747 +03 20 29.1701;129.68932277 +03.34143614  ; 4.43 
416 ;* 23 Ori                 ;05 22 50.00100 +03 32 40.0247;080.70833749 +03.54445130  ; 5.00 
417 ;* pi.05 Ori              ;04 54 15.09604 +02 26 26.4231;073.56290018 +02.44067308  ; 3.73 
418 ;* alf Ant                ;10 27 09.10037 -31 04 03.9961;156.78791820 -31.06777671  ; 4.25 
419 ;* gam Ser                ;15 56 27.18269 +15 39 41.8206;239.11326123 +15.66161682  ; 3.84 
420 ;* bet01 Cap              ;20 21 00.67326 -14 46 52.9791;305.25280525 -14.78138307  ; 3.08 
421 ;* nu.03 CMa A            ;06 37 53.421 -18 14 14.91    ;099.472588 -18.237475      ; 4.43 
422 ;* ome CMa                ;07 14 48.65387 -26 46 21.6097;108.70272445 -26.77266936  ; 3.82 
423 ;* gam Aql                ;19 46 15.58029 +10 36 47.7408;296.56491787 +10.61326133  ; 2.72 
424 ;* nu. Eri                ;04 36 19.14144 -03 21 08.8567;069.07975601 -03.35246019  ; 3.920
425 ;* eta Lep                ;05 56 24.29300 -14 10 03.7189;089.10122085 -14.16769969  ; 3.72 
426 ;HR 6628                  ;17 49 10.47716 -31 42 11.5438;267.29365485 -31.70320662  ; 4.806
427 ;[SC93] 126               ;06 17 12.0 +09 53 00         ;094.3000 +09.8833          ; 4.64 
428 ;* I Hya                  ;09 41 17.00732 -23 35 29.4534;145.32086383 -23.59151484  ; 4.76 
429 ;* nu. Peg                ;22 05 40.75170 +05 03 30.7201;331.41979874 +05.05853337  ; 4.84 
430 ;* 136 Tau                ;05 53 19.64606 +27 36 44.1378;088.33185857 +27.61226051  ; 4.557
431 ;* bet01 Sco              ;16 05 26.23198 -19 48 19.6300;241.35929993 -19.80545278  ; 2.62 
432 ;* del CrB                ;15 49 35.64682 +26 04 06.2065;237.39852840 +26.06839070  ; 4.63 
433 ;* eps Ari B              ;02 59 12.73 +21 20 25.5      ;044.80304 +21.34042        ; 4.63 
434 ;* gam Ari                ;01 53 31.81479 +19 17 37.8790;028.38256161 +19.29385527  ; 3.88 
435 ;Cl Melotte 186           ;18 01 06.0 +02 54 00         ;270.2750 +02.9000          ; 3.0  
436 ;* tau02 Hya              ;09 31 58.92729 -01 11 04.7899;142.99553036 -01.18466385  ; 4.555
437 ;* ksi UMa A              ;11 18 10.902 +31 31 44.98    ;169.545425 +31.529161      ; 4.264
438 ;* d Sco                  ;16 18 17.90017 -28 36 50.4768;244.57458402 -28.61402133  ; 4.792
439 ;* bet For                ;02 49 05.41885 -32 24 21.2319;042.27257855 -32.40589774  ; 4.46 
440 ;* f Sgr                  ;19 46 21.73912 -19 45 40.0132;296.59057965 -19.76111479  ; 4.887
441 ;* eps Vir                ;13 02 10.59785 +10 57 32.9415;195.54415770 +10.95915040  ; 2.79 
442 ;* 126 Tau                ;05 41 17.71768 +16 32 02.9253;085.32382365 +16.53414592  ; 4.832
443 ;* 46 LMi                 ;10 53 18.70487 +34 12 53.5375;163.32793697 +34.21487153  ; 3.83 
444 ;* 33 Psc                 ;00 05 20.14193 -05 42 27.4279;001.33392469 -05.70761886  ; 4.61 
445 ;V* T Cyg                 ;20 47 10.75213 +34 22 26.8426;311.79480052 +34.37412294  ; 4.930
446 ;* mu. Aqr                ;20 52 39.23277 -08 58 59.9499;313.16346986 -08.98331942  ; 4.723
447 ;NOVA Sgr 2002 c          ;19 01 09.38 -22 00 05.9      ;285.28908 -22.00164        ; 5.0  
448 ;* lam Gem A              ;07 18 05.579 +16 32 25.39    ;109.523246 +16.540386      ; 3.559
449 ;* b Oph                  ;17 26 22.21749 -24 10 31.1190;261.59257287 -24.17531082  ; 4.166
450 ;NGC 2244                 ;06 31 55.0 +04 56 30         ;097.9792 +04.9417          ; 4.8  
451 ;* c Sgr                  ;20 02 39.48097 -27 42 35.4442;300.66450403 -27.70984562  ; 4.58 
452 ;* zet Boo B              ;14 41 08.908 +13 43 42.30    ;220.287117 +13.728417      ; 4.51 
453 ;* gam Gem                ;06 37 42.71050 +16 23 57.4095;099.42796043 +16.39928043  ; 1.92 
454 ;* f Tau                  ;03 30 52.37792 +12 56 12.0365;052.71824131 +12.93667680  ; 4.10 
455 ;* 2 Cyg                  ;19 24 07.57894 +29 37 16.8197;291.03157891 +29.62133880  ; 4.976
456 ;* ome Her                ;16 25 24.95425 +14 01 59.7711;246.35397604 +14.03326975  ; 4.58 
457 ;* lam Oph A              ;16 30 54.828 +01 59 02.02    ;247.728450 +01.983894      ; 4.15 
458 ;* omi Psc                ;01 45 23.63185 +09 09 27.8530;026.34846602 +09.15773693  ; 4.26 
459 ;* iot Leo A              ;11 23 55.459 +10 31 46.36    ;170.981079 +10.529544      ; 4.06 
460 ;* zet Ari                ;03 14 54.09731 +21 02 40.0103;048.72540545 +21.04444730  ; 4.880
461 ;* gam CrB                ;15 42 44.56551 +26 17 44.2847;235.68568964 +26.29563463  ; 3.84 
462 ;* 23 Tau                 ;03 46 19.57384 +23 56 54.0812;056.58155768 +23.94835590  ; 4.18 
463 ;* eps Ser                ;15 50 48.96622 +04 28 39.8311;237.70402593 +04.47773087  ; 3.713
464 ;* ksi02 Sgr              ;18 57 43.79908 -21 06 23.9613;284.43249618 -21.10665591  ; 3.51 
465 ;* 29 Vul                 ;20 38 31.33888 +21 12 04.2467;309.63057866 +21.20117963  ; 4.82 
466 ;* 27 Mon                 ;07 59 44.15308 -03 40 46.5065;119.93397115 -03.67958515  ; 4.942
467 ;HR 3131                  ;07 59 52.05117 -18 23 57.2292;119.96687989 -18.39923032  ; 4.61 
468 ;* lam Pyx                ;09 23 12.25099 -28 50 01.9420;140.80104579 -28.83387277  ; 4.68 
469 ;* m Hya                  ;14 46 00.07998 -25 26 35.4355;221.50033327 -25.44317653  ; 4.94 
470 ;* gam Oph                ;17 47 53.55973 +02 42 26.2000;266.97316555 +02.70727778  ; 3.75 
471 ;* ksi01 Cet              ;02 12 59.99513 +08 50 48.1584;033.24997971 +08.84671067  ; 4.35 
472 ;* phi Leo                ;11 16 39.69960 -03 39 05.7770;169.16541498 -03.65160473  ; 4.467
473 ;* 31 Vul                 ;20 52 07.67601 +27 05 49.1173;313.03198339 +27.09697702  ; 4.576
474 ;* bet CMi                ;07 27 09.04174 +08 17 21.5368;111.78767391 +08.28931576  ; 2.89 
475 ;* rho Sco                ;15 56 53.07624 -29 12 50.6612;239.22115099 -29.21407255  ; 3.86 
476 ;* tet CrB                ;15 32 55.78214 +31 21 32.8762;233.23242560 +31.35913227  ; 4.13 
477 ;* rho Tau                ;04 33 50.91753 +14 50 39.9232;068.46215639 +14.84442312  ; 4.65 
478 ;* ksi02 CMa              ;06 35 03.38869 -22 57 53.2375;098.76411952 -22.96478820  ; 4.50 
479 ;* nu. Tau                ;04 03 09.37966 +05 59 21.4792;060.78908193 +05.98929977  ; 3.898
480 ;* del Crv                ;12 29 51.85517 -16 30 55.5525;187.46606319 -16.51543126  ; 2.94 
481 ;* o Per                  ;03 42 22.64555 +33 57 54.0893;055.59435647 +33.96502482  ; 4.975
482 ;* rho Pup                ;08 07 32.64882 -24 18 15.5679;121.88603676 -24.30432443  ; 2.81 
483 ;* zet02 Aqr              ;22 28 49.807 -00 01 12.20    ;337.207529 -00.020056      ; 4.34 
484 ;* ups Ori                ;05 31 55.86019 -07 18 05.5371;082.98275078 -07.30153810  ; 4.63 
485 ;* 58 Oph                 ;17 43 25.79370 -21 40 59.4980;265.85747375 -21.68319388  ; 4.873
486 ;CCDM J17591-3015AB       ;17 59 05.28176 -30 15 10.8789;269.77200731 -30.25302192  ; 4.98 
487 ;* eta Boo                ;13 54 41.07892 +18 23 51.7946;208.67116217 +18.39772072  ; 2.680
488 ;* 20 Boo                 ;14 19 45.23479 +16 18 25.0136;214.93847831 +16.30694823  ; 4.850
489 ;* tau Lib                ;15 38 39.36950 -29 46 39.8956;234.66403957 -29.77774878  ; 3.644
490 ;* eps Cet                ;02 39 33.82853 -11 52 19.7132;039.89095219 -11.87214254  ; 4.87 
491 ;* tet Psc                ;23 27 58.09529 +06 22 44.3720;351.99206370 +06.37899222  ; 4.30 
492 ;* kap01 Tau              ;04 25 22.16505 +22 17 37.9375;066.34235439 +22.29387154  ; 4.210
493 ;NGC 1980                 ;05 35 24.0 -05 54 54         ;083.8500 -05.9150          ; 2.5  
494 ;* 47 Tau                 ;04 13 56.38482 +09 15 49.7729;063.48493673 +09.26382581  ; 4.89 
495 ;* tau02 Eri              ;02 51 02.32186 -21 00 14.4654;042.75967442 -21.00401818  ; 4.77 
496 ;* del Scl                ;23 48 55.54658 -28 07 48.9745;357.23144407 -28.13027069  ; 4.57 
497 ;* 11 Sgr                 ;18 11 43.33295 -23 42 04.4517;272.93055394 -23.70123659  ; 4.98 
498 ;* nu. Psc                ;01 41 25.89391 +05 29 15.4062;025.35789129 +05.48761284  ; 4.44 
499 ;* lam Lep                ;05 19 34.52405 -13 10 36.4408;079.89385020 -13.17678910  ; 4.29 
500 ;* iot Tau                ;05 03 05.74725 +21 35 23.8627;075.77394687 +21.58996187  ; 4.626
501 ;LGGS J013348.28+305208.8 ;01 33 48.28 +30 52 08.8      ;023.45117 +30.86911        ; 0.64 
502 ;* ksi Psc                ;01 53 33.35074 +03 11 15.1498;028.38896143 +03.18754161  ; 4.621
503 ;* sig Vir                ;13 17 36.28327 +05 28 11.5221;199.40118028 +05.46986726  ; 4.80 
504 ;* 27 CMa                 ;07 14 15.21192 -26 21 09.0312;108.56338299 -26.35250867  ; 4.65 
505 ;* alf Gem A              ;07 34 35.863 +31 53 17.79    ;113.649429 +31.888275      ; 1.93 
506 ;* ksi Tau                ;03 27 10.15071 +09 43 57.6343;051.79229464 +09.73267621  ; 3.75 
507 ;* b Sgr                  ;19 56 56.83165 -27 10 11.6409;299.23679853 -27.16990026  ; 4.544
508 ;* l Pup                  ;07 43 48.46872 -28 57 17.3720;115.95195301 -28.95482556  ; 3.93 
509 ;* 17 Tau                 ;03 44 52.53688 +24 06 48.0112;056.21890368 +24.11333645  ; 3.70 
510 ;* psi Oph                ;16 24 06.18464 -20 02 14.3784;246.02576935 -20.03732734  ; 4.50 
511 ;* zet CMa                ;06 20 18.79204 -30 03 48.1202;095.07830017 -30.06336673  ; 3.00 
512 ;* 78 Peg                 ;23 43 59.48560 +29 21 41.2342;355.99785668 +29.36145394  ; 4.941
513 ;* 20 Pup                 ;08 13 19.96755 -15 47 17.6021;123.33319811 -15.78822279  ; 4.99 
514 ;* 30 Mon                 ;08 25 39.63201 -03 54 23.1178;126.41513338 -03.90642162  ; 3.90 
515 ;* c Leo                  ;11 00 44.80142 +06 06 05.2093;165.18667257 +06.10144702  ; 4.996
516 ;* phi01 Cet              ;00 44 11.40013 -10 36 34.3816;011.04750052 -10.60955046  ; 4.775
517 ;* 111 Her                ;18 47 01.27397 +18 10 53.4663;281.75530819 +18.18151841  ; 4.36 
518 ;* gam Sge                ;19 58 45.42863 +19 29 31.7281;299.68928594 +19.49214669  ; 3.47 
519 ;* ome Sgr                ;19 55 50.36119 -26 17 58.3215;298.95983829 -26.29953374  ; 4.70 
520 ;* tet Crt                ;11 36 40.91335 -09 48 08.0912;174.17047231 -09.80224756  ; 4.682
521 ;* eps Hya                ;08 46 46.51223 +06 25 07.6855;131.69380097 +06.41880152  ; 3.38 
522 ;* bet Sco                ;16 05 26.23 -19 48 19.4      ;241.35929 -19.80539        ; 2.50 
523 ;* alf Aqr                ;22 05 47.036 -00 19 11.46    ;331.445983 -00.319850      ; 2.94 
524 ;* eta Gem                ;06 14 52.65715 +22 30 24.4596;093.71940480 +22.50679434  ; 3.28 
525 ;* f01 Ori                ;06 12 03.27955 +16 07 49.4614;093.01366479 +16.13040596  ; 4.92 
526 ;* kap CMa                ;06 49 50.45933 -32 30 30.5225;102.46024719 -32.50847846  ; 3.89 
527 ;* phi Oph                ;16 31 08.36732 -16 36 45.8306;247.78486384 -16.61273073  ; 4.27 
528 ;* ome Psc                ;23 59 18.69064 +06 51 47.9562;359.82787765 +06.86332117  ; 4.036
529 ;* eps Boo A              ;14 44 59.223 +27 04 27.15    ;221.246762 +27.074208      ; 2.45 
530 ;* omi01 CMa              ;06 54 07.95237 -24 11 03.1597;103.53313490 -24.18421104  ; 3.87 
531 ;* tet CrB A              ;15 32 55.782 +31 21 32.87    ;233.232425 +31.359131      ; 4.164
532 ;* lam Oph                ;16 30 54.82314 +01 59 02.1209;247.72842975 +01.98392248  ; 3.90 
533 ;* gam Lib                ;15 35 31.57881 -14 47 22.3278;233.88157836 -14.78953551  ; 3.91 
534 ;* 3 Mon                  ;06 01 50.42241 -10 35 52.5565;090.46009337 -10.59793237  ; 4.94 
535 ;* c Tau                  ;04 38 09.46296 +12 30 39.0089;069.53942899 +12.51083582  ; 4.27 
536 ;* eta Cap                ;21 04 24.30132 -19 51 17.9711;316.10125551 -19.85499196  ; 4.84 
537 ;* zet Ori B              ;05 40 45.571 -01 56 35.59    ;085.189879 -01.943219      ; 3.70 
538 ;* psi Hya                ;13 09 03.27026 -23 07 05.0501;197.26362608 -23.11806948  ; 4.944
539 ;HD 84117                 ;09 42 14.41653 -23 54 56.0505;145.56006886 -23.91556957  ; 4.94 
540 ;NAME SDG                 ;18 55 03.1 -30 28 42         ;283.7629 -30.4783          ; 3.6  
541 ;* gam Crv                ;12 15 48.37081 -17 32 30.9496;183.95154504 -17.54193046  ; 2.58 
542 ;* N Sco                  ;16 31 22.93300 -34 42 15.7146;247.84555417 -34.70436517  ; 4.23 
543 ;* del Ori A              ;05 32 00.398 -00 17 56.69    ;083.001658 -00.299081      ; 2.41 
544 ;* del Cnc                ;08 44 41.09921 +18 09 15.5034;131.17124671 +18.15430650  ; 3.94 
545 ;* 10 Tau                 ;03 36 52.38323 +00 24 05.9829;054.21826346 +00.40166192  ; 4.30 
546 ;* phi Vir A              ;14 28 12.138 -02 13 40.63    ;217.050575 -02.227953      ; 4.840
547 ;* rho Gem                ;07 29 06.71887 +31 47 04.3773;112.27799529 +31.78454925  ; 4.18 
548 ;* D Hya                  ;08 46 22.53719 -13 32 51.7973;131.59390494 -13.54772148  ; 4.32 
549 ;* alf Lib                ;14 50 52.8 -16 02 30         ;222.7200 -16.0417          ; 2.8  
550 ;* del And                ;00 39 19.67518 +30 51 39.6783;009.83197992 +30.86102175  ; 3.28 
551 ;* nu. Her                ;17 58 30.14909 +30 11 21.3870;269.62562122 +30.18927417  ; 4.41 
552 ;* 30 LMi                 ;10 25 54.81535 +33 47 46.0309;156.47839728 +33.79611971  ; 4.730
553 ;NGC 2362                 ;07 18 41.0 -24 57 18         ;109.6708 -24.9550          ; 4.1  
554 ;* lam Tau                ;04 00 40.81572 +12 29 25.2259;060.17006549 +12.49034054  ; 3.41 
555 ;* eta Tau                ;03 47 29.07655 +24 06 18.4883;056.87115231 +24.10513565  ; 2.87 
556 ;* 15 Mon                 ;06 40 58.65963 +09 53 44.7229;100.24441512 +09.89575637  ; 4.640
557 ;* eta Peg                ;22 43 00.13743 +30 13 16.4822;340.75057261 +30.22124505  ; 2.95 
558 ;* gam02 Del              ;20 46 39.50341 +16 07 27.4403;311.66459755 +16.12428898  ; 4.27 
559 ;* alf For                ;03 12 04.52736 -28 59 15.4336;048.01886400 -28.98762045  ; 3.85 
560 ;* bet CrB                ;15 27 49.73153 +29 06 20.5224;231.95721470 +29.10570066  ; 3.68 
561 ;* bet02 Sco              ;16 05 26.57128 -19 48 06.8556;241.36071368 -19.80190433  ; 4.89 
562 ;* bet Oph                ;17 43 28.35265 +04 34 02.2955;265.86813603 +04.56730431  ; 2.750
563 ;* tau Cet                ;01 44 04.08338 -15 56 14.9262;026.01701409 -15.93747951  ; 3.50 
564 ;* 113 Her                ;18 54 44.872 +22 38 42.10    ;283.686967 +22.645028      ; 4.60 
565 ;* ksi Oph                ;17 21 00.37520 -21 06 46.5663;260.25156334 -21.11293508  ; 4.39 
566 ;* l Aql                  ;20 38 20.28206 -01 06 18.4311;309.58450859 -01.10511976  ; 4.33 
567 ;* omi Tau                ;03 24 48.79796 +09 01 43.9489;051.20332482 +09.02887470  ; 3.600
568 ;* chi Cet                ;01 49 35.10316 -10 41 11.0674;027.39626317 -10.68640761  ; 4.68 
569 ;* rho Ori A              ;05 13 17.481 +02 51 40.52    ;078.322837 +02.861256      ; 4.48 
570 ;* omi Col                ;05 17 29.08929 -34 53 42.7444;079.37120539 -34.89520677  ; 4.83 
571 ;* omi Gem                ;07 39 09.93286 +34 35 03.6443;114.79138690 +34.58434563  ; 4.90 
572 ;* 75 Tau                 ;04 28 26.37004 +16 21 34.8231;067.10987515 +16.35967308  ; 4.971
573 ;* 35 Com                 ;12 53 17.74703 +21 14 41.8092;193.32394594 +21.24494701  ; 4.91 
574 ;* 14 Aur                 ;05 15 24.39443 +32 41 15.3575;078.85164348 +32.68759931  ; 5.000
575 ;* rho01 Sgr              ;19 21 40.35942 -17 50 49.9168;290.41816424 -17.84719912  ; 3.93 
576 ;* tet Pyx                ;09 21 29.59085 -25 57 55.5803;140.37329522 -25.96543897  ; 4.72 
577 ;* iot Vir                ;14 16 00.86951 -06 00 01.9633;214.00362294 -06.00054537  ; 4.08 
578 ;* j Pup                  ;07 56 51.53900 -22 52 48.4340;119.21474582 -22.88012055  ; 4.204
579 ;* nu. Cap                ;20 20 39.81562 -12 45 32.6844;305.16589842 -12.75907901  ; 4.76 
580 ;* zet Her A              ;16 41 17.465 +31 36 06.97    ;250.322771 +31.601936      ; 2.879
581 ;* del Aql                ;19 25 29.90139 +03 06 53.2061;291.37458914 +03.11477947  ; 3.36 
582 ;* l Eri                  ;04 38 10.82486 -14 18 14.4600;069.54510358 -14.30401665  ; 3.87 
583 ;* nu. Ori                ;06 07 34.32588 +14 46 06.5061;091.89302448 +14.76847392  ; 4.403
584 ;CCDM J15576+2652A        ;15 57 35.25147 +26 52 40.3635;239.39688112 +26.87787875  ; 4.130
585 ;HR 4162                  ;10 37 13.72404 -27 24 45.4849;159.30718350 -27.41263469  ; 4.89 
586 ;* kap Cap                ;21 42 39.50710 -18 51 58.7669;325.66461291 -18.86632413  ; 4.738
587 ;* gam PsA                ;22 52 31.53513 -32 52 31.8059;343.13139638 -32.87550164  ; 4.501
588 ;* gam Cap                ;21 40 05.45648 -16 39 44.3072;325.02273533 -16.66230756  ; 3.67 
589 ;* ome Cap                ;20 51 49.29084 -26 55 08.8574;312.95537849 -26.91912706  ; 4.12 
590 ;* 45 Eri                 ;04 31 52.667 -00 02 38.44    ;067.969446 -00.044011      ; 4.908
591 ;* mu. Vir                ;14 43 03.62282 -05 39 29.5327;220.76509509 -05.65820353  ; 3.88 
592 ;HR 2549                  ;06 50 52.35242 -34 22 02.3427;102.71813508 -34.36731742  ; 5.000
593 ;[SC96] GC 236            ;17 53 42.0 -34 45 00         ;268.4250 -34.7500          ; 4.89 
594 ;* bet PsA                ;22 31 30.33038 -32 20 45.8653;337.87637660 -32.34607371  ; 4.29 
595 ;* i Cen                  ;13 45 41.24482 -33 02 37.3997;206.42185343 -33.04372215  ; 4.23 
596 ;M 25                     ;18 31 47.0 -19 07 00         ;277.9458 -19.1167          ; 4.6  
597 ;* rho Leo                ;10 32 48.67168 +09 18 23.7094;158.20279865 +09.30658596  ; 3.870
598 ;* eta Ser                ;18 21 18.60056 -02 53 55.7766;275.32750232 -02.89882682  ; 3.25 
599 ;* eta Psc                ;01 31 29.01026 +15 20 44.9685;022.87087607 +15.34582459  ; 3.620
600 ;* mu. Peg                ;22 50 00.19315 +24 36 05.6984;342.50080479 +24.60158288  ; 3.48 
601 ;* c Boo                  ;15 07 18.06607 +24 52 09.1012;226.82527528 +24.86919478  ; 4.93 
602 ;* 1 Gem                  ;06 04 07.21544 +23 15 48.0401;091.03006433 +23.26334447  ; 4.15 
603 ;* d Ori                  ;05 38 53.08296 -07 12 46.1838;084.72117901 -07.21282883  ; 4.80 
604 ;NOVA Sco 2007 a          ;16 57 40.91 -32 20 36.4      ;254.42046 -32.34344        ; 3.8  
605 ;* k Sco                  ;17 04 49.35227 -34 07 22.5483;256.20563446 -34.12293007  ; 4.87 
606 ;* del Ser                ;15 34 48.14762 +10 32 19.9248;233.70061506 +10.53886800  ; 3.79 
607 ;* gam Leo                ;10 19 58.35056 +19 50 29.3468;154.99312733 +19.84148522  ; 2.37 
608 ;* chi Gem                ;08 03 31.08225 +27 47 39.6243;120.87950938 +27.79434007  ; 4.944
609 ;* nu. Vir                ;11 45 51.55957 +06 31 45.7413;176.46483156 +06.52937258  ; 4.04 
610 ;* ksi Her                ;17 57 45.88571 +29 14 52.3675;269.44119046 +29.24787987  ; 3.70 
611 ;* tet Cet                ;01 24 01.40528 -08 10 59.7212;021.00585534 -08.18325590  ; 3.59 
612 ;M 6                      ;17 40 20.0 -32 15 12         ;265.0833 -32.2533          ; 4.2  
613 ;* alf Boo                ;14 15 39.67207 +19 10 56.6730;213.91530029 +19.18240916  ;-0.05 
614 ;* 26 Hya                 ;09 19 46.38236 -11 58 29.4639;139.94325984 -11.97485110  ; 4.783
615 ;* zet And                ;00 47 20.32547 +24 16 01.8408;011.83468946 +24.26717801  ; 4.06 
616 ;* omi Hya                ;11 40 12.78970 -34 44 40.7733;175.05329043 -34.74465926  ; 4.70 
617 ;HR 2906                  ;07 34 03.18084 -22 17 45.8398;113.51325350 -22.29606662  ; 4.39 
618 ;* zet Leo                ;10 16 41.41597 +23 25 02.3221;154.17256653 +23.41731168  ; 3.41 
619 ;* nu. Sco A              ;16 11 59.740 -19 27 38.33    ;242.998917 -19.460647      ; 4.349
620 ;* 9 Peg                  ;21 44 30.69581 +17 21 00.0571;326.12789922 +17.35001585  ; 4.35 
621 ;* eta Cet                ;01 08 35.39148 -10 10 56.1570;017.14746451 -10.18226582  ; 3.45 
622 ;* mu. Tau                ;04 15 32.05667 +08 53 32.4825;063.88356946 +08.89235624  ; 4.280
623 ;* psi Eri                ;05 01 26.34599 -07 10 26.2662;075.35977498 -07.17396283  ; 4.81 
624 ;* del Eri                ;03 43 14.90088 -09 45 48.2084;055.81208699 -09.76339122  ; 3.54 
625 ;* phi Hya                ;10 38 34.95281 -16 52 35.6665;159.64563672 -16.87657401  ; 4.913
626 ;* zet Del                ;20 35 18.53563 +14 40 27.1675;308.82723181 +14.67421319  ; 4.664
627 ;* del Ari                ;03 11 37.76465 +19 43 36.0397;047.90735272 +19.72667769  ; 4.37 
628 ;* alf Crt                ;10 59 46.46486 -18 17 55.6172;164.94360359 -18.29878257  ; 4.07 
629 ;* b Sco                  ;15 50 58.74452 -25 45 04.6649;237.74476884 -25.75129581  ; 4.638
630 ;2MASS J11143546-2112534  ;11 14 35.46 -21 12 53.5      ;168.64775 -21.21486        ; 0.1  
631 ;* 27 Tau                 ;03 49 09.74258 +24 03 12.3003;057.29059410 +24.05341675  ; 3.63 
632 ;* tau Ori                ;05 17 36.38856 -06 50 39.8702;079.40161902 -06.84440839  ; 3.59 
633 ;* 9 Boo                  ;13 56 34.18095 +27 29 31.4921;209.14242062 +27.49208115  ; 5.000
634 ;* e Leo                  ;11 30 18.89303 -03 00 12.5905;172.57872098 -03.00349735  ; 4.77 
635 ;* 72 Oph                 ;18 07 20.98393 +09 33 49.8501;271.83743304 +09.56384725  ; 3.73 
636 ;* ups Cet                ;02 00 00.30916 -21 04 40.1946;030.00128817 -21.07783183  ; 4.02 
637 ;* gam CMi                ;07 28 09.79333 +08 55 31.9068;112.04080553 +08.92552968  ; 4.30 
638 ;* omi Aqr                ;22 03 18.84403 -02 09 19.3067;330.82851679 -02.15536298  ; 4.69 
639 ;* gam Mic                ;21 01 17.46047 -32 15 27.9574;315.32275197 -32.25776593  ; 4.677
640 ;* b Leo                  ;11 02 19.77577 +20 10 47.4265;165.58239904 +20.17984070  ; 4.407
641 ;* ksi UMa B              ;11 18 10.950 +31 31 45.74    ;169.545625 +31.529372      ; 4.729
642 ;V* V656 Her              ;17 20 18.87127 +18 03 25.4872;260.07863029 +18.05707979  ; 5.00 
643 ;HR 2113                  ;06 00 03.34974 -03 04 27.3196;090.01395724 -03.07425545  ; 4.52 
644 ;* ups Sgr                ;19 21 43.62284 -15 57 18.0625;290.43176182 -15.95501735  ; 4.61 
645 ;* 34 Boo                 ;14 43 25.36305 +26 31 40.2663;220.85567936 +26.52785176  ; 4.79 
646 ;* eta Ori A              ;05 24 28.617 -02 23 49.69    ;081.119238 -02.397136      ; 3.594
647 ;* iot Aql                ;19 36 43.27606 -01 17 11.7611;294.18031692 -01.28660030  ; 4.36 
648 ;* pi. CMa                ;06 55 37.43099 -20 08 11.3902;103.90596244 -20.13649729  ; 4.687
649 ;* eps Sgr                ;18 24 10.31840 -34 23 04.6193;276.04299335 -34.38461649  ; 1.85 
650 ;* del Gem A              ;07 20 07.389 +21 58 56.42    ;110.030788 +21.982339      ; 3.518
651 ;* tet Vir                ;13 09 56.99067 -05 32 20.4185;197.48746111 -05.53900515  ; 4.381
652 ;* psi Sgr                ;19 15 32.42658 -25 15 24.0569;288.88511073 -25.25668246  ; 4.85 
653 ;* ome Ori                ;05 39 11.14632 +04 07 17.2795;084.79644299 +04.12146652  ; 4.59 
654 ;* 3 Cet                  ;00 04 30.11827 -10 30 34.2849;001.12549281 -10.50952359  ; 4.953
655 ;* mu. Ori A              ;06 02 22.997 +09 38 50.24    ;090.595821 +09.647289      ; 4.30 
656 ;* 71 Tau                 ;04 26 20.74092 +15 37 05.7652;066.58642051 +15.61826810  ; 4.490
657 ;C 0712-310               ;07 15 20.0 -30 41 00         ;108.8333 -30.6833          ; 3.6  
658 ;C 0652-245               ;06 56 20.0 -24 43 48         ;104.0833 -24.7300          ; 2.6  
659 ;* 36 Com                 ;12 58 55.44306 +17 24 33.9963;194.73101275 +17.40944343  ; 5.00 
660 ;* lam Peg                ;22 46 31.87786 +23 33 56.3561;341.63282442 +23.56565448  ; 3.93 
661 ;* 9 Hya                  ;08 41 43.33626 -15 56 36.1846;130.43056777 -15.94338462  ; 4.873
662 ;* bet Com                ;13 11 52.39379 +27 52 41.4535;197.96830746 +27.87818153  ; 4.25 
663 ;NAME Kepler's SN         ;17 30 35.976 -21 28 56.23    ;262.649900 -21.482286      ;-3    
664 ;* alf Sct                ;18 35 12.42776 -08 14 38.6529;278.80178235 -08.24407024  ; 3.83 
665 ;* tet01 Tau              ;04 28 34.49603 +15 57 43.8494;067.14373348 +15.96218040  ; 3.840
666 ;* 67 Oph                 ;18 00 38.71619 +02 55 53.6324;270.16131745 +02.93156455  ; 3.93 
667 ;* gam Vir A              ;12 41 39.983 -01 26 58.25    ;190.416596 -01.449514      ; 3.440
668 ;* nu. UMa                ;11 18 28.73664 +33 05 39.5107;169.61973601 +33.09430852  ; 3.49 
669 ;* 27 Psc                 ;23 58 40.37708 -03 33 21.5379;359.66823782 -03.55598275  ; 4.890
670 ;* omi Ori                ;04 52 31.96357 +14 15 02.3215;073.13318153 +14.25064486  ; 4.752
671 ;* del Ori B              ;05 32 00.410 -00 17 56.89    ;083.001708 -00.299136      ; 3.76 
672 ;* lam Ser                ;15 46 26.61421 +07 21 11.0449;236.61089255 +07.35306802  ; 4.42 
673 ;* zet Crt                ;11 44 45.77615 -18 21 02.4298;176.19073394 -18.35067494  ; 4.717
674 ;* 16 Aur                 ;05 18 10.57021 +33 22 17.8085;079.54404256 +33.37161348  ; 4.552
675 ;* 102 Her                ;18 08 45.49142 +20 48 52.4079;272.18954758 +20.81455774  ; 4.355
676 ;* zet Sgr                ;19 02 36.73024 -29 52 48.2279;285.65304266 -29.88006330  ; 2.607
677 ;V* X Sgr                 ;17 47 33.62432 -27 49 50.8330;266.89010133 -27.83078694  ; 4.54 
678 ;* eps Aql                ;18 59 37.35872 +15 04 05.8871;284.90566133 +15.06830196  ; 4.02 
679 ;* omi Per                ;03 44 19.13204 +32 17 17.6929;056.07971685 +32.28824802  ; 3.83 
680 ;* del Her A              ;17 15 01.911 +24 50 21.09    ;258.757963 +24.839192      ; 3.103
681 ;* kap Oph                ;16 57 40.09785 +09 22 30.1126;254.41707438 +09.37503128  ; 3.20 
682 ;* rho Boo                ;14 31 49.78962 +30 22 17.1781;217.95745674 +30.37143836  ; 3.59 
683 ;* 16 Com                 ;12 26 59.29709 +26 49 32.5201;186.74707119 +26.82570003  ; 4.965
684 ;Weis 52699               ;13 07 08.8 +27 36 45         ;196.7867 +27.6125          ; 4.80 
685 ;* ups Cyg                ;21 17 55.07506 +34 53 48.8289;319.47947940 +34.89689692  ; 4.42 
686 ;* alf Psc                ;02 02 02.81972 +02 45 49.5410;030.51174881 +02.76376138  ; 3.82 
687 ;* del Cet                ;02 39 28.95579 +00 19 42.6345;039.87064912 +00.32850959  ; 4.07 
688 ;* lam Leo                ;09 31 43.22754 +22 58 04.6904;142.93011473 +22.96796956  ; 4.31 
689 ;HR 2450                  ;06 39 16.71946 -14 08 44.7468;099.81966442 -14.14576301  ; 4.832
690 ;* lam CMa                ;06 28 10.20747 -32 34 48.2455;097.04253114 -32.58006820  ; 4.48 
691 ;* 35 Ari                 ;02 43 27.11185 +27 42 25.7233;040.86296604 +27.70714536  ; 4.67 
692 ;* 16 Lib                 ;14 57 11.00009 -04 20 47.2547;224.29583370 -04.34645964  ; 4.49 
693 ;NOVA Vul 1670            ;19 47 38.0 +27 18 48         ;296.9083 +27.3133          ; 2.7  
694 ;* 13 Mon                 ;06 32 54.22948 +07 19 58.6942;098.22595618 +07.33297062  ; 4.50 
695 ;* mu. Psc                ;01 30 11.11444 +06 08 37.7577;022.54631015 +06.14382159  ; 4.84 
696 ;* 110 Her                ;18 45 39.72570 +20 32 46.7171;281.41552377 +20.54631030  ; 4.19 
697 ;* ups02 Hya              ;10 05 07.46888 -13 03 52.6561;151.28112034 -13.06462670  ; 4.594
698 ;* iot Ser                ;15 41 33.05469 +19 40 13.4380;235.38772788 +19.67039944  ; 4.509
699 ;* gam Tau                ;04 19 47.60385 +15 37 39.5154;064.94834937 +15.62764318  ; 3.65 
700 ;* ome Oph                ;16 32 08.19983 -21 27 59.0120;248.03416595 -21.46639223  ; 4.45 
701 ;* pi. Sgr                ;19 09 45.83293 -21 01 25.0103;287.44097053 -21.02361398  ; 2.88 
702 ;TYC 4757-1588-2          ;05 24 28.729 -02 23 49.32    ;081.119704 -02.397033      ; 4.895
703 ;* i Sco                  ;16 30 12.47514 -25 06 54.8043;247.55197974 -25.11522341  ; 4.79 
704 ;HR 3923                  ;09 54 52.20987 -19 00 33.6949;148.71754112 -19.00935969  ; 4.94 
705 ;* kap Gem                ;07 44 26.85357 +24 23 52.7872;116.11188987 +24.39799645  ; 3.57 
706 ;* alf Leo                ;10 08 22.31099 +11 58 01.9516;152.09296244 +11.96720878  ; 1.40 
707 ;* gam Com                ;12 26 56.27207 +28 16 06.3211;186.73446698 +28.26842252  ; 4.34 
708 ;V* T Aur                 ;05 31 59.12 +30 26 45.0      ;082.99633 +30.44583        ; 4.10 
709 ;* 72 Peg                 ;23 33 57.18791 +31 19 31.0058;353.48828297 +31.32527939  ; 4.993
710 ;* phi Vir                ;14 28 12.13894 -02 13 40.6579;217.05057892 -02.22796054  ; 4.844
711 ;* 134 Tau                ;05 49 32.92974 +12 39 04.7582;087.38720726 +12.65132173  ; 4.877
712 ;* 56 Cet                 ;01 56 40.19863 -22 31 36.4252;029.16749428 -22.52678477  ; 4.85 
713 ;* gam01 Sgr              ;18 05 01.22409 -29 34 48.3199;271.25510037 -29.58008887  ; 4.69 
714 ;* sig Ori                ;05 38 44.77934 -02 36 00.1186;084.68658057 -02.60003294  ; 3.80 
715 ;* 41 Cyg                 ;20 29 23.73561 +30 22 06.7968;307.34889838 +30.36855466  ; 4.01 
716 ;* gam02 Sgr              ;18 05 48.48810 -30 25 26.7235;271.45203375 -30.42408985  ; 2.99 
717 ;* m Tau                  ;05 07 27.00529 +18 38 42.1815;076.86252205 +18.64505042  ; 5.00 
718 ;V* ET Vir                ;14 10 50.48605 -16 18 07.3068;212.71035855 -16.30202967  ; 4.91 
719 ;* 58 Leo                 ;11 00 33.64811 +03 37 02.9766;165.14020046 +03.61749350  ; 4.852
720 ;* ksi Gem                ;06 45 17.36432 +12 53 44.1311;101.32235133 +12.89559198  ; 3.36 
721 ;* ksi Hya                ;11 33 00.11505 -31 51 27.4435;173.25047940 -31.85762318  ; 3.54 
722 ;* del Ori                ;05 32 00.40009 -00 17 56.7424;083.00166706 -00.29909511  ; 2.41 
723 ;* 30 Psc                 ;00 01 57.61997 -06 00 50.6554;000.49008320 -06.01407096  ; 4.41 
724 ;* eps Her                ;17 00 17.37378 +30 55 35.0565;255.07239075 +30.92640458  ; 3.92 
725 ;* tet Gem                ;06 52 47.33887 +33 57 40.5175;103.19724530 +33.96125485  ; 3.60 
726 ;* zet Lep                ;05 46 57.34096 -14 49 19.0199;086.73892066 -14.82194998  ; 3.545
727 ;* zet Mon                ;08 08 35.64663 -02 59 01.6361;122.14852762 -02.98378780  ; 4.33 
728 ;* del Her                ;17 15 01.91058 +24 50 21.1451;258.75796074 +24.83920697  ; 3.13 
729 ;NGC 1981                 ;05 35 09.0 -04 25 54         ;083.7875 -04.4317          ; 4.2  
730 ;* bet Lib                ;15 17 00.41382 -09 22 58.4919;229.25172425 -09.38291441  ; 2.62 
731 ;[SC96] Mis 1358          ;18 25 24.0 -20 33 00         ;276.3500 -20.5500          ; 4.81 
732 ;* omi01 Eri              ;04 11 51.93956 -06 50 15.2864;062.96641483 -06.83757955  ; 4.040
733 ;* gam Psc                ;23 17 09.93749 +03 16 56.2380;349.29140621 +03.28228833  ; 3.70 
734 ;* eps CMa                ;06 58 37.54876 -28 58 19.5102;104.65645315 -28.97208616  ; 1.50 
735 ;* alf Vir                ;13 25 11.57937 -11 09 40.7501;201.29824736 -11.16131949  ; 0.97 
736 ;HIP 37229                ;07 38 49.87079 -26 48 13.8194;114.70779496 -26.80383873  ; 3.80 
737 ;* tau CMa                ;07 18 42.48642 -24 57 15.7413;109.67702675 -24.95437258  ; 4.40 
738 ;* kap Ori                ;05 47 45.38884 -09 40 10.5777;086.93912017 -09.66960492  ; 2.06 
739 ;* 31 Com                 ;12 51 41.92207 +27 32 26.5754;192.92467528 +27.54071539  ; 4.94 
740 ;* kap Her A              ;16 08 04.52481 +17 02 49.1150;242.01885336 +17.04697638  ; 4.994
741 ;* kap Peg                ;21 44 38.73522 +25 38 42.1359;326.16139677 +25.64503776  ; 4.159
742 ;* ups Oph                ;16 27 48.18720 -08 22 18.2245;246.95078000 -08.37172902  ; 4.63 
743 ;* eps Mic                ;21 17 56.28399 -32 10 21.1515;319.48451664 -32.17254209  ; 4.721
744 ;* alf Col                ;05 39 38.94103 -34 04 26.7950;084.91225430 -34.07410972  ; 2.65 
745 ;* sig Sgr                ;18 55 15.92650 -26 17 48.2068;283.81636041 -26.29672411  ; 2.058
746 ;* phi02 Ori              ;05 36 54.38819 +09 17 26.4096;084.22661744 +09.29066933  ; 4.09 
747 ;* kap Vir                ;14 12 53.74538 -10 16 25.3340;213.22393910 -10.27370388  ; 4.21 
748 ;* eps Sct                ;18 43 31.252 -08 16 30.80    ;280.880217 -08.275222      ; 4.900
749 ;* alf Vul                ;19 28 42.32996 +24 39 53.6525;292.17637482 +24.66490346  ; 4.45 
750 ;* tau09 Eri              ;03 59 55.48381 -24 00 58.3798;059.98118254 -24.01621661  ; 4.66 
751 ;* lam Her                ;17 30 44.31022 +26 06 38.3213;262.68462592 +26.11064481  ; 4.41 
752 ;* 60 Sgr A               ;19 58 57.19921 -26 11 44.7545;299.73833006 -26.19576513  ; 4.851
753 ;* gam Peg                ;00 13 14.15123 +15 11 00.9368;003.30896346 +15.18359354  ; 2.84 
754 ;* psi Peg                ;23 57 45.52681 +25 08 29.0480;359.43969503 +25.14140221  ; 4.66 
755 ;* bet CMa                ;06 22 41.98535 -17 57 21.3073;095.67493897 -17.95591871  ; 1.97 
756 ;* gam Cnc                ;08 43 17.14820 +21 28 06.6008;130.82145083 +21.46850022  ; 4.668
757 ;* alf Mon                ;07 41 14.83257 -09 33 04.0711;115.31180237 -09.55113085  ; 3.93 
758 ;* d Oph                  ;17 27 21.27571 -29 52 01.3262;261.83864879 -29.86703507  ; 4.286
759 ;* pi. Cet                ;02 44 07.34928 -13 51 31.3130;041.03062200 -13.85869806  ; 4.235
760 ;* chi Peg                ;00 14 36.16451 +20 12 24.1205;003.65068546 +20.20670014  ; 4.800
761 ;* alf Cet                ;03 02 16.77307 +04 05 23.0596;045.56988780 +04.08973877  ; 2.53 
762 ;* zet Cet                ;01 51 27.63482 -10 20 06.1289;027.86514510 -10.33503581  ; 3.72 
763 ;* eta Aqr                ;22 35 21.38126 -00 07 02.9888;338.83908859 -00.11749690  ; 4.030
764 ;* gam Lyr                ;18 58 56.62241 +32 41 22.4003;284.73592673 +32.68955564  ; 3.250
765 ;BD-21 1135A              ;05 20 26.912 -21 14 23.06    ;080.112133 -21.239739      ; 4.73 
766 ;* tet Aqr                ;22 16 50.03635 -07 46 59.8480;334.20848481 -07.78329112  ; 4.16 
767 ;* alf Equ                ;21 15 49.43192 +05 14 52.2430;318.95596633 +05.24784528  ; 3.949
768 ;* k Hya                  ;14 23 05.77380 -27 45 14.4620;215.77405750 -27.75401722  ; 4.75 
769 ;* 104 Aqr                ;23 41 45.80611 -17 48 59.5110;355.44085877 -17.81653084  ; 4.83 
770 ;* ups PsA                ;22 08 25.93132 -34 02 37.8248;332.10804717 -34.04384022  ; 4.99 
771 ;* ksi Sco B              ;16 04 22.148 -11 22 22.98    ;241.092283 -11.373050      ; 4.87 
772 ;* alf Sge                ;19 40 05.79186 +18 00 50.0061;295.02413275 +18.01389059  ; 4.38 
773 ;* 23 Com                 ;12 34 51.08058 +22 37 45.3303;188.71283575 +22.62925841  ; 4.786
774 ;* gam CMa                ;07 03 45.49305 -15 37 59.8300;105.93955437 -15.63328610  ; 4.12 
775 ;HR 7064                  ;18 46 04.47990 +26 39 43.6641;281.51866625 +26.66212892  ; 4.84 
776 ;* pi. And                ;00 36 52.84926 +33 43 09.6384;009.22020523 +33.71934400  ; 4.36 
777 ;* sig Oph                ;17 26 30.88004 +04 08 25.2940;261.62866683 +04.14035945  ; 4.31 
778 ;* 1 Peg                  ;21 24 23.68430 +20 01 13.0015;321.09868459 +20.02027820  ; 4.09 
779 ;* eps Gem                ;06 43 55.92626 +25 07 52.0515;100.98302608 +25.13112541  ; 2.98 
780 ;* p Pup                  ;07 35 22.89366 -28 22 09.5735;113.84539026 -28.36932596  ; 4.63 
781 ;* phi Gem                ;07 53 29.81390 +26 45 56.8252;118.37422460 +26.76578479  ; 4.977
782 ;* psi Vir                ;12 54 21.16342 -09 32 20.3783;193.58818091 -09.53899396  ; 4.80 
783 ;HD 162214                ;17 50 13.202 -06 42 28.48    ;267.555008 -06.707911      ; 4.30 
784 ;* del Gem                ;07 20 07.37978 +21 58 56.3377;110.03074909 +21.98231603  ; 3.53 
785 ;* alf Com A              ;13 09 59.285 +17 31 45.86    ;197.497021 +17.529406      ; 4.85 
786 ;NGC 2232                 ;06 27 15.0 -04 45 30         ;096.8125 -04.7583          ; 3.9  
787 ;* h Cen A                ;13 53 12.54 -31 55 39.4      ;208.30225 -31.92761        ; 4.72 
788 ;* eps Leo                ;09 45 51.07330 +23 46 27.3208;146.46280542 +23.77425578  ; 2.98 
789 ;* bet Cet                ;00 43 35.37090 -17 59 11.7827;010.89737874 -17.98660632  ; 2.01 
790 ;* chi01 Ori              ;05 54 22.98299 +20 16 34.2220;088.59576246 +20.27617278  ; 4.40 
791 ;* ups Lib                ;15 37 01.45020 -28 08 06.2926;234.25604250 -28.13508129  ; 3.609
792 ;* gam Ori                ;05 25 07.86325 +06 20 58.9318;081.28276356 +06.34970326  ; 1.64 
793 ;* ksi Ser                ;17 37 35.19983 -15 23 54.7940;264.39666596 -15.39855388  ; 3.539
794 ;* ups Gem                ;07 35 55.34970 +26 53 44.6751;113.98062377 +26.89574308  ; 4.06 
795 ;* gam Vir B              ;12 41 39.813 -01 26 57.63    ;190.415887 -01.449342      ; 3.484
796 ;* phi01 Ori              ;05 34 49.23804 +09 29 22.4878;083.70515849 +09.48957995  ; 4.41 
797 ;* h02 Sgr                ;19 36 42.43288 -24 53 01.0288;294.17680369 -24.88361911  ; 4.598
798 ;* 14 Ari                 ;02 09 25.33191 +25 56 23.5988;032.35554961 +25.93988855  ; 4.983
799 ;* 9 Vul                  ;19 34 34.89569 +19 46 24.2462;293.64539872 +19.77340171  ; 5.00 
800 ;* 4 Sgr                  ;17 59 47.55508 -23 48 58.0876;269.94814616 -23.81613545  ; 4.731
801 ;M 44                     ;08 40 24.0 +19 40 00         ;130.1000 +19.6667          ; 3.1  
802 ;NGC 2264                 ;06 40 58.0 +09 53 42         ;100.2417 +09.8950          ; 3.9  
803 ;* tet Lib                ;15 53 49.53806 -16 43 45.4582;238.45640859 -16.72929396  ; 4.16 
804 ;* eta Hya                ;08 43 13.47499 +03 23 55.1867;130.80614580 +03.39866297  ; 4.300
805 ;GJ 670 A                 ;17 21 00.221 -21 06 44.76    ;260.250921 -21.112433      ; 4.387
806 ;SRS 42961                ;13 51 48.0 -33 00 00         ;207.9500 -33.0000          ; 4.7  
807 ;HR 2275                  ;06 19 59.60059 -02 56 40.1765;094.99833581 -02.94449348  ; 4.933
808 ;* rho Cap A              ;20 28 51.621 -17 48 49.35    ;307.215088 -17.813708      ; 4.93 
809 ;* c Ori                  ;05 35 23.16427 -04 50 18.0881;083.84651779 -04.83835781  ; 4.59 
810 ;CCDM J10556+2445AB       ;10 55 36.79658 +24 44 58.9823;163.90331908 +24.74971730  ; 4.32 
811 ;* nu. Hya                ;10 49 37.48875 -16 11 37.1360;162.40620311 -16.19364888  ; 3.11 
812 ;* eps Psc                ;01 02 56.60862 +07 53 24.4855;015.73586927 +07.89013487  ; 4.28 
813 ;* pi. Peg                ;22 09 59.24371 +33 10 41.5976;332.49684881 +33.17822156  ; 4.29 
814 ;* eps And                ;00 38 33.34610 +29 18 42.3135;009.63894207 +29.31175374  ; 4.38 
815 ;* omi Vir                ;12 05 12.54049 +08 43 58.7498;181.30225203 +08.73298605  ; 4.12 
816 ;* 42 Peg                 ;22 41 27.732 +10 49 52.64    ;340.365550 +10.831289      ; 3.41 
817 ;* 69 Aql                 ;20 29 38.99952 -02 53 07.9105;307.41249801 -02.88553069  ; 4.912
818 ;* 74 Oph                 ;18 20 52.06316 +03 22 37.7994;275.21692985 +03.37716651  ; 4.857
819 ;* 109 Vir                ;14 46 14.92536 +01 53 34.3845;221.56218900 +01.89288458  ; 3.73 
820 ;* 39 Ari                 ;02 47 54.54142 +29 14 49.6132;041.97725592 +29.24711478  ; 4.510
821 ;* zet Cap                ;21 26 40.02634 -22 24 40.8042;321.66677642 -22.41133450  ; 3.74 
822 ;* 42 Lib                 ;15 40 16.89414 -23 49 05.0828;235.07039227 -23.81807856  ; 4.96 
823 ;* 17 Cyg                 ;19 46 25.60019 +33 43 39.3452;296.60666745 +33.72759590  ; 4.99 
824 ;TYC 224-1333-1           ;08 46 46.528 +06 25 07.64    ;131.693867 +06.418789      ; 3.49 
825 ;* iot CrB                ;16 01 26.56488 +29 51 03.8243;240.36068701 +29.85106232  ; 4.975
826 ;* zet Vir                ;13 34 41.745 -00 35 45.38    ;203.673937 -00.595939      ; 3.38 
827 ;* eps Mon                ;06 23 46.10 +04 35 34.2      ;095.94208 +04.59283        ; 4.30 
828 ;* 11 Com                 ;12 20 43.02654 +17 47 34.3332;185.17927725 +17.79287033  ; 4.74 
829 ;* G Hya                  ;09 27 18.40776 -22 20 37.6071;141.82669899 -22.34377976  ; 4.69 
830 ;* p02 Leo                ;11 01 49.67462 -02 29 04.5007;165.45697759 -02.48458352  ; 4.75 
831 ;M 47                     ;07 36 35.0 -14 29 00         ;114.1458 -14.4833          ; 4.4  
832 ;* bet Cyg A              ;19 30 43.28052 +27 57 34.8483;292.68033548 +27.95968007  ; 3.085
833 ;* l Hya                  ;14 28 10.42638 -29 29 29.8884;217.04344327 -29.49163566  ; 4.972
834 ;* del Sge                ;19 47 23.26253 +18 32 03.4401;296.84692720 +18.53428891  ; 3.82 
835 ;* 47 Oph                 ;17 26 37.88094 -05 05 11.7500;261.65783725 -05.08659722  ; 4.54 
836 ;* kap Psc                ;23 26 55.95586 +01 15 20.1900;351.73314942 +01.25560833  ; 4.94 
837 ;ADS 3962 AB              ;05 22 50.3 +03 32 52         ;080.7096 +03.5478          ; 4.99 
838 ;* tet Peg                ;22 10 11.98528 +06 11 52.3078;332.54993865 +06.19786326  ; 3.55 
839 ;* iot Gem                ;07 25 43.59532 +27 47 53.0929;111.43164715 +27.79808135  ; 3.79 
840 ;* del Hya                ;08 37 39.36627 +05 42 13.6057;129.41402612 +05.70377937  ; 4.137
841 ;ADS 2843 AB              ;03 54 07.5 +31 52 56         ;058.5313 +31.8822          ; 2.83 
842 ;NAME NGC 5171 Group      ;13 29 22.3 +11 47 31         ;202.3429 +11.7919          ; 4.7  
843 ;* chi01 Hya              ;11 05 19.90766 -27 17 36.9957;166.33294857 -27.29360991  ; 4.94 
844 ;* 29 CMa                 ;07 18 40.37940 -24 33 31.3206;109.66824749 -24.55870016  ; 4.95 
845 ;* zet Gem                ;07 04 06.53079 +20 34 13.0739;106.02721162 +20.57029829  ; 3.79 
846 ;* omi Her                ;18 07 32.55073 +28 45 44.9679;271.88562802 +28.76249107  ; 3.837
847 ;* 132 Tau                ;05 49 00.96598 +24 34 03.1220;087.25402491 +24.56753388  ; 4.894
848 ;* pi. Sco                ;15 58 51.11324 -26 06 50.7886;239.71297183 -26.11410794  ; 2.91 
849 ;* omi02 Ori              ;04 56 22.27612 +13 30 52.0932;074.09281715 +13.51447033  ; 4.06 
850 ;* tau Boo                ;13 47 15.74340 +17 27 24.8552;206.81559750 +17.45690422  ; 4.49 
851 ;* rho Cap                ;20 28 51.61448 -17 48 49.2693;307.21506035 -17.81368591  ; 4.803
852 ;* ksi Ori                ;06 11 56.39693 +14 12 31.5555;092.98498722 +14.20876543  ; 4.48 
853 ;* 89 Aqr                 ;23 09 54.89736 -22 27 27.4192;347.47873899 -22.45761644  ; 4.80 
854 ;* 88 Tau                 ;04 35 39.25910 +10 09 38.8396;068.91357960 +10.16078879  ; 4.251
855 ;* gam Vir                ;12 41 39.64344 -01 26 57.7421;190.41518098 -01.44937282  ; 2.74 
856 ;* tau Psc                ;01 11 39.63647 +30 05 22.6909;017.91515195 +30.08963635  ; 4.523
857 ;* 6 Cet                  ;00 11 15.85761 -15 28 04.7258;002.81607340 -15.46797939  ; 4.89 
858 ;* gam Eri                ;03 58 01.76695 -13 30 30.6698;059.50736229 -13.50851938  ; 2.94 
859 ;* gam Cet A              ;02 43 18.120 +03 14 10.20    ;040.825500 +03.236167      ; 3.540
860 ;* c02 Sco                ;16 12 18.20490 -27 55 34.9457;243.07585374 -27.92637382  ; 4.567
861 ;* pi.02 Ori              ;04 50 36.72298 +08 54 00.6493;072.65301243 +08.90018037  ; 4.35 
862 ;* bet Crv                ;12 34 23.23484 -23 23 48.3374;188.59681183 -23.39676040  ; 2.64 
863 ;* nu. Sco                ;16 11 59.73568 -19 27 38.5361;242.99889865 -19.46070448  ; 4.00 
864 ;* alf Ari                ;02 07 10.40570 +23 27 44.7032;031.79335710 +23.46241755  ; 2.01 
865 ;* eps Boo B              ;14 44 59.180 +27 04 29.74    ;221.246583 +27.074928      ; 4.801
866 ;C 0634+060               ;06 37 19.0 +05 57 55         ;099.3290 +05.9654          ; 4.6  
867 ;* zet Eri                ;03 15 50.02656 -08 49 11.0220;048.95844401 -08.81972834  ; 4.80 
868 ;* bet Lyr                ;18 50 04.79525 +33 21 45.6100;282.51998020 +33.36266944  ; 3.42 
869 ;* omi Peg                ;22 41 45.40961 +29 18 27.4918;340.43920671 +29.30763661  ; 4.79 
870 ;* lam Vir                ;14 19 06.59235 -13 22 15.9459;214.77746812 -13.37109609  ; 4.520
871 ;HR 7739                  ;20 15 15.89542 +25 35 31.0549;303.81623093 +25.59195970  ; 4.759
872 ;* omi Ser                ;17 41 24.87286 -12 52 31.1086;265.35363693 -12.87530795  ; 4.244
873 ;TYC 5233-2298-1          ;22 35 21.332 -00 07 02.53    ;338.838883 -00.117369      ; 4.03 
874 ;* 47 Tau A               ;04 13 56.385 +09 15 49.72    ;063.484937 +09.263811      ; 4.95 
875 ;* lam Psc                ;23 42 02.80612 +01 46 48.1484;355.51169216 +01.78004123  ; 4.51 
876 ;* tau08 Eri              ;03 53 42.70302 -24 36 44.0309;058.42792927 -24.61223080  ; 4.625
877 ;* nu. Aql                ;19 26 31.09000 +00 20 18.8521;291.62954169 +00.33857003  ; 4.72 
878 ;* psi01 Ori              ;05 24 44.82664 +01 50 47.2039;081.18677766 +01.84644553  ; 4.96 
879 ;* 11 Lib                 ;14 51 01.07273 -02 17 56.9488;222.75446970 -02.29915244  ; 4.94 
880 ;* pi.06 Ori              ;04 58 32.90210 +01 42 50.4582;074.63709208 +01.71401616  ; 4.474
881 ;* chi Psc                ;01 11 27.21877 +21 02 04.7406;017.86341155 +21.03465016  ; 4.666
882 ;* del Mon                ;07 11 51.860 -00 29 33.96    ;107.966083 -00.492767      ; 4.15 
883 ;* bet Mon B              ;06 28 49.4266 -07 02 03.835  ;097.2059442 -07.0343986    ; 5.00 
884 ;GJ 188 A                 ;05 07 27.007 +18 38 42.18    ;076.862529 +18.645050      ; 4.99 
885 ;* ome01 Aqr              ;23 39 47.06778 -14 13 19.8376;354.94611576 -14.22217712  ; 4.985
886 ;* zet Boo                ;14 41 08.95158 +13 43 41.8967;220.28729823 +13.72830463  ; 3.793
887 ;M 10                     ;16 57 09.05 -04 06 01.1      ;254.28771 -04.10031        ; 4.98 
888 ;HD 106760                ;12 16 30.13749 +33 03 41.5000;184.12557286 +33.06152778  ; 4.94 
889 ;* kap Lib                ;15 41 56.79858 -19 40 43.7745;235.48666075 -19.67882626  ; 4.72 
890 ;* o Vir                  ;13 34 07.93186 +03 39 32.2738;203.53304940 +03.65896495  ; 4.94 
891 ;* bet Peg                ;23 03 46.45746 +28 04 58.0336;345.94357275 +28.08278712  ; 2.42 
892 ;* tet CMa                ;06 54 11.39877 -12 02 19.0674;103.54749486 -12.03862984  ; 4.08 
893 ;* bet Cnc                ;08 16 30.92101 +09 11 07.9579;124.12883753 +09.18554387  ; 3.520
894 ;* iot Leo                ;11 23 55.45273 +10 31 46.2195;170.98105304 +10.52950540  ; 4.00 
895 ;** STF 100               ;01 13 43.80 +07 34 31.8      ;018.43250 +07.57550        ; 4.86 
896 ;* bet Aqr                ;21 31 33.53171 -05 34 16.2320;322.88971548 -05.57117555  ; 2.89 
897 ;* ups01 Hya              ;09 51 28.69384 -14 50 47.7710;147.86955765 -14.84660307  ; 4.11 
898 ;* del Sct                ;18 42 16.427 -09 03 09.18    ;280.568446 -09.052550      ; 4.71 
899 ;CCDM J02592+2120AB       ;02 59 12.72536 +21 20 25.5575;044.80302232 +21.34043264  ; 4.66 
900 ;* eps Peg                ;21 44 11.15614 +09 52 30.0311;326.04648391 +09.87500865  ; 2.39 
901 ;* alf Mic                ;20 49 58.08012 -33 46 47.0068;312.49200048 -33.77972411  ; 4.900
902 ;* eps Aqr                ;20 47 40.55260 -09 29 44.7877;311.91896918 -09.49577436  ; 3.77 
903 ;HR 6337                  ;17 03 07.87145 +14 05 31.0089;255.78279773 +14.09194691  ; 4.98 
904 ;* alf CMi                ;07 39 18.11950 +05 13 29.9552;114.82549791 +05.22498756  ; 0.37 
905 ;* sig Gem                ;07 43 18.72698 +28 53 00.6422;115.82802908 +28.88351172  ; 4.29 
906 ;* 41 Oph                 ;17 16 36.687 -00 26 43.15    ;259.152862 -00.445319      ; 4.743
907 ;* zet Per                ;03 54 07.92248 +31 53 01.0812;058.53301032 +31.88363368  ; 2.85 
908 ;* eps Eri                ;03 32 55.84496 -09 27 29.7312;053.23268735 -09.45825866  ; 3.73 
909 ;HR 5969                  ;16 03 20.62331 -25 51 54.8650;240.83593045 -25.86524028  ; 4.973
910 ;* sig Cet                ;02 32 05.22884 -15 14 40.8278;038.02178683 -15.24467439  ; 4.75 
911 ;* bet Ser                ;15 46 11.25435 +15 25 18.5959;236.54689311 +15.42183219  ; 3.67 
912 ;* nu. Ser                ;17 20 49.66149 -12 50 48.7533;260.20692289 -12.84687591  ; 4.336
913 ;HD 164669                ;18 01 30.40812 +21 35 44.8084;270.37670051 +21.59578012  ; 4.96 
914 ;* chi Oph                ;16 27 01.43499 -18 27 22.4938;246.75597912 -18.45624827  ; 4.43 
915 ;* mu. Ori                ;06 02 22.99668 +09 38 50.1820;090.59581950 +09.64727279  ; 4.130
916 ;M 41                     ;06 46 01.0 -20 45 24         ;101.5042 -20.7567          ; 4.5  
917 ;* 69 Vir                 ;13 27 27.16424 -15 58 24.8902;201.86318435 -15.97358060  ; 4.758
918 ;* iot Peg                ;22 07 00.66597 +25 20 42.4048;331.75277487 +25.34511244  ; 3.770
919 ;* e Ori                  ;05 23 56.82768 -07 48 29.0332;080.98678198 -07.80806478  ; 4.12 
920 ;* p Cen                  ;12 50 41.16569 -33 59 57.4880;192.67152370 -33.99930223  ; 4.907
921 ;* 20 Oph                 ;16 49 50.01604 -10 46 58.7775;252.45840017 -10.78299375  ; 4.646
922 ;* sig Boo                ;14 34 40.81699 +29 44 42.4590;218.67007081 +29.74512750  ; 4.47 
923 ;* pi. Leo                ;10 00 12.80589 +08 02 39.2032;150.05335788 +08.04422311  ; 4.70 
924 ;* tau Boo A              ;13 47 15.743 +17 27 24.82    ;206.815596 +17.456894      ; 4.54 
925 ;* mu. Oph                ;17 37 50.71309 -08 07 07.5749;264.46130452 -08.11877079  ; 4.62 
926 ;* gam Mon                ;06 14 51.33367 -06 16 29.1880;093.71389027 -06.27477445  ; 3.96 
927 ;IDS 05162-2120           ;05 20 26.91893 -21 14 23.1516;080.11216222 -21.23976432  ; 4.729
928 ;* 27 Hya                 ;09 20 29.01857 -09 33 20.5054;140.12091069 -09.55569595  ; 4.818
929 ;* lam Ari                ;01 57 55.71647 +23 35 45.8295;029.48215194 +23.59606375  ; 4.776
930 ;* phi Aqr                ;23 14 19.35787 -06 02 56.3998;348.58065778 -06.04899994  ; 4.22 
931 ;* pi. Hya                ;14 06 22.29749 -26 40 56.5024;211.59290619 -26.68236178  ; 3.28 
932 ;* ksi UMa                ;11 18 10.932 +31 31 45.44    ;169.545550 +31.529289      ; 3.79 
933 ;* ome02 Aqr              ;23 42 43.34473 -14 32 41.6523;355.68060303 -14.54490342  ; 4.483
934 ;V* U Hya                 ;10 37 33.27295 -13 23 04.3529;159.38863731 -13.38454248  ; 4.82 
935 ;* eta CMa                ;07 24 05.70228 -29 18 11.1798;111.02375950 -29.30310551  ; 2.45 
936 ;* alf Psc A              ;02 02 02.824 +02 45 49.43    ;030.511767 +02.763731      ; 4.11 
937 ;* del Lib                ;15 00 58.35013 -08 31 08.2063;225.24312556 -08.51894620  ; 4.93 
938 ;* pi.01 Boo              ;14 40 43.56782 +16 25 05.9692;220.18153260 +16.41832478  ; 4.54 
939 ;* del Tau                ;04 22 56.09253 +17 32 33.0487;065.73371889 +17.54251353  ; 3.76 
940 ;* 31 Boo                 ;14 41 38.75021 +08 09 42.3517;220.41145922 +08.16176435  ; 4.865
941 ;* del Sgr                ;18 20 59.64354 -29 49 41.1659;275.24851476 -29.82810164  ; 2.668
942 ;* zet Ser                ;18 00 29.01137 -03 41 24.9685;270.12088072 -03.69026904  ; 4.633
943 ;* alf Ser                ;15 44 16.07431 +06 25 32.2633;236.06697631 +06.42562868  ; 2.630
944 ;* del Tri                ;02 17 03.23016 +34 13 27.2260;034.26345899 +34.22422944  ; 4.87 
945 ;* gam01 Leo              ;10 19 58.427 +19 50 28.53    ;154.993446 +19.841258      ; 1.98 
946 ;* bet Hya                ;11 52 54.52149 -33 54 29.2672;178.22717287 -33.90812978  ; 4.28 
947 ;* iot Aqr                ;22 06 26.22742 -13 52 10.8615;331.60928092 -13.86968374  ; 4.27 
948 ;* omi Sco                ;16 20 38.18068 -24 10 09.5491;245.15908616 -24.16931920  ; 4.57 
949 ;* zet Oph                ;16 37 09.53905 -10 34 01.5295;249.28974606 -10.56709152  ; 2.56 
950 ;* 54 Per                 ;04 20 24.63829 +34 34 00.2110;065.10265956 +34.56672528  ; 4.933
951 ;* alf Gem                ;07 34 35.87319 +31 53 17.8160;113.64947164 +31.88828222  ; 1.58 
952 ;* eta Ori                ;05 24 28.61672 -02 23 49.7311;081.11923634 -02.39714754  ; 3.35 
953 ;* i Lup                  ;15 14 37.31993 -31 31 08.8537;228.65549970 -31.51912602  ; 4.924
954 ;* 70 Oph A               ;18 05 27.371 +02 29 59.32    ;271.364046 +02.499811      ; 4.123
955 ;* tau05 Eri              ;03 33 47.27613 -21 37 58.3830;053.44698387 -21.63288417  ; 4.30 
956 ;* tau04 Eri              ;03 19 31.00224 -21 45 28.3049;049.87917599 -21.75786249  ; 3.70 
957 ;* eta Oph A              ;17 10 22.653 -15 43 30.57    ;257.594388 -15.725158      ; 2.463
958 ;* bet Crt                ;11 11 39.48783 -22 49 33.0593;167.91453265 -22.82584981  ; 4.461
959 ;* iot Lib                ;15 12 13.29025 -19 47 30.1592;228.05537606 -19.79171090  ; 4.54 
960 ;* del Lep                ;05 51 19.29613 -20 52 44.7232;087.83040053 -20.87908977  ; 3.85 
961 ;* mu.01 Cyg              ;21 44 08.589 +28 44 33.38    ;326.035788 +28.742606      ; 4.51 
962 ;* del CMa                ;07 08 23.48405 -26 23 35.5185;107.09785021 -26.39319957  ; 1.84 
963 ;TYC 5855-2292-1          ;01 44 05.078 -15 56 22.22    ;026.021158 -15.939506      ; 3.49 
964 ;* eta Crv                ;12 32 04.22653 -16 11 45.6165;188.01761054 -16.19600458  ; 4.31 
965 ;* zet Aql                ;19 05 24.60802 +13 51 48.5182;286.35253340 +13.86347728  ; 2.99 
966 ;* alf Tri                ;01 53 04.90710 +29 34 43.7801;028.27044623 +29.57882780  ; 3.42 
967 ;HR 500                   ;01 42 43.51110 -03 41 24.7253;025.68129625 -03.69020148  ; 4.996
968 ;* 70 Vir                 ;13 28 25.80861 +13 46 43.6386;202.10753586 +13.77878851  ; 4.970
969 ;* omi02 CMa              ;07 03 01.47211 -23 49 59.8523;105.75613381 -23.83329231  ; 3.02 
970 ;* alf Pyx                ;08 43 35.53756 -33 11 10.9898;130.89807315 -33.18638605  ; 3.68 
971 ;NOVA Com 1877            ;14 07 04.4 +20 44 45         ;211.7683 +20.7458          ; 4.5  
972 ;* tet Lep                ;06 06 09.32339 -14 56 06.9188;091.53884747 -14.93525522  ; 4.669
973 ;* alf Peg                ;23 04 45.65345 +15 12 18.9617;346.19022269 +15.20526715  ; 2.48 
974 ;* 11 Ori                 ;05 04 34.14916 +15 24 14.7771;076.14228818 +15.40410474  ; 4.663
975 ;* lam Hya                ;10 10 35.27667 -12 21 14.6938;152.64698611 -12.35408162  ; 3.61 
976 ;* 24 Cap                 ;21 07 07.66733 -25 00 21.0790;316.78194719 -25.00585528  ; 4.50 
977 ;* tet Cap                ;21 05 56.82783 -17 13 58.3021;316.48678263 -17.23286169  ; 4.07 
978 ;UCAC3 147-122477         ;10 26 05.426 -16 50 10.65    ;156.522608 -16.836292      ; 3.809
979 ;* del Sco                ;16 00 20.00528 -22 37 18.1431;240.08335535 -22.62170643  ; 2.32 
980 ;* alf Sco                ;16 29 24.45970 -26 25 55.2094;247.35191542 -26.43200261  ; 0.91 
981 ;* 54 Leo A               ;10 55 36.801 +24 44 59.00    ;163.903337 +24.749722      ; 4.50 
982 ;* bet Ari                ;01 54 38.41099 +20 48 28.9133;028.66004579 +20.80803147  ; 2.65 
983 ;* bet Sct                ;18 47 10.47250 -04 44 52.3271;281.79363542 -04.74786864  ; 4.22 
984 ;* eps Crt                ;11 24 36.59019 -10 51 33.5591;171.15245913 -10.85932196  ; 4.823
985 ;* gam Crt                ;11 24 52.92362 -17 41 02.4300;171.22051508 -17.68400833  ; 4.08 
986 ;* psi Cap                ;20 46 05.73263 -25 16 15.2312;311.52388594 -25.27089755  ; 4.152
987 ;* ksi Boo                ;14 51 23.37993 +19 06 01.6994;222.84741637 +19.10047205  ; 4.593
988 ;* lam Aqr                ;22 52 36.87441 -07 34 46.5542;343.15364336 -07.57959838  ; 3.79 
989 ;* c Vir                  ;12 20 20.98134 +03 18 45.2604;185.08742223 +03.31257233  ; 4.96 
990 ;* mu. Cyg                ;21 44 08.57793 +28 44 33.4731;326.03574137 +28.74263143  ; 4.50 
991 ;* 39 Eri                 ;04 14 23.68902 -10 15 22.6083;063.59870424 -10.25628008  ; 4.86 
992 ;* ome For                ;02 33 50.70365 -28 13 56.4403;038.46126522 -28.23234453  ; 4.957
993 ;* q Tau                  ;03 45 12.49578 +24 28 02.2097;056.30206575 +24.46728048  ; 4.30 
994 ;* rho Vir                ;12 41 53.05658 +10 14 08.2548;190.47106907 +10.23562633  ; 4.88 
995 ;* psi01 Aqr              ;23 15 53.49482 -09 05 15.8546;348.97289510 -09.08773739  ; 4.25 
996 ;HD 85859                 ;09 54 12.31900 -25 55 56.4412;148.55132917 -25.93234477  ; 4.88 
997 ;* ome02 Tau              ;04 17 15.66155 +20 34 42.9340;064.31525645 +20.57859279  ; 4.925
998 ;* 23 Vul                 ;20 15 46.13481 +27 48 51.2787;303.94222837 +27.81424409  ; 4.52 
999 ;* 8 Cyg                  ;19 31 46.32184 +34 27 10.6874;292.94300766 +34.45296874  ; 4.72 
1000;* 32 Peg                 ;22 21 19.33935 +28 19 49.9027;335.33058063 +28.33052852  ; 4.81 
1001;* iot Psc                ;23 39 57.04138 +05 37 34.6475;354.98767240 +05.62629098  ; 4.120
1002;* l Vir                  ;13 31 57.88506 -06 15 20.9419;202.99118774 -06.25581719  ; 4.69 
1003;HR 2874                  ;07 29 51.41199 -23 01 27.4317;112.46421661 -23.02428659  ; 4.86 
1004;* 12 Vul                 ;19 51 04.10821 +22 36 36.1732;297.76711756 +22.61004811  ; 4.96 
1005;Cl Collinder 69          ;05 35 06.0 +09 56 00         ;083.7750 +09.9333          ; 2.8  
1006;* ome Hya                ;09 05 58.36642 +05 05 32.3360;136.49319343 +05.09231555  ; 4.996
1007;* alf02 Cap              ;20 18 03.25595 -12 32 41.4684;304.51356645 -12.54485232  ; 3.58 
1008;* tau Sco                ;16 35 52.95285 -28 12 57.6615;248.97063689 -28.21601709  ; 2.81 
1009;* 140 Pup                ;07 40 23.21132 -15 15 50.1035;115.09671384 -15.26391763  ; 4.981